9.445641e+02   6.468425e+02
9.406870e+02   6.265208e+02
9.469359e+02   5.997208e+02
9.607447e+02   5.756682e+02
9.772879e+02   5.573125e+02
9.932788e+02   5.398622e+02
1.010821e+03   5.209207e+02
1.019848e+03   4.937565e+02
1.031323e+03   4.683291e+02
1.039019e+03   438
1.048217e+03   4.075480e+02
1.053130e+03   3.775340e+02
1.058273e+03   3.492236e+02
1.070498e+03   3.232176e+02
1.083927e+03   2.968745e+02
1.091620e+03   2.676544e+02
1.102248e+03   2.424446e+02
1.120766e+03   2.239175e+02
1.141918e+03   2.088540e+02
1.158845e+03   1.877550e+02
1.170662e+03   1.652154e+02
1.177673e+03   1.397783e+02
1.179062e+03   1.139966e+02
1.178977e+03   8.591504e+01
1.189790e+03   6.208080e+01
1.199498e+03   3.881368e+01
