9.516008e+02   6.673295e+02
9.509099e+02   6.667593e+02
9.453175e+02   6.783390e+02
9.322796e+02   6.964961e+02
9.247585e+02   7.233506e+02
9.100881e+02   7.472586e+02
8.944081e+02   7.701258e+02
8.666013e+02   7.801387e+02
8.373448e+02   7.819124e+02
8.046531e+02   7.821383e+02
7.735422e+02   7.751731e+02
7.492473e+02   7.667075e+02
7.177320e+02   7.683485e+02
6.867104e+02   7.772656e+02
6.601619e+02   7.786236e+02
6.314049e+02   7.719260e+02
6.047129e+02   7.686409e+02
5.745426e+02   7.759138e+02
5.470554e+02   7.899627e+02
5.152932e+02   7.985338e+02
4.881567e+02   8.066985e+02
4.621944e+02   8.204427e+02
4.333621e+02   8.330823e+02
4.048546e+02   8.398168e+02
3.816381e+02   8.550942e+02
3.612371e+02   8.719291e+02
3.380823e+02   8.847639e+02
3.176145e+02   9.002684e+02
2.931595e+02   9.120186e+02
2.663759e+02   9.316863e+02
2.384167e+02   9.414890e+02
