9.452125e+02   6.473965e+02
9.432027e+02   6.400557e+02
9.372342e+02   6.301976e+02
9.251183e+02   6.122477e+02
9.148752e+02   5.916009e+02
8.930075e+02   5.749223e+02
8.706132e+02   5.690935e+02
8.485686e+02   5.574775e+02
8.260495e+02   5.513379e+02
8.002683e+02   5.443595e+02
7.788017e+02   5.485042e+02
7.593220e+02   5.630617e+02
7.377163e+02   5.804604e+02
7.156778e+02   5.843090e+02
6.942130e+02   5.741560e+02
6.740985e+02   5.597604e+02
6.598295e+02   5.384995e+02
6.491095e+02   5.200868e+02
6.301296e+02   5.269980e+02
6.176844e+02   5.490324e+02
6.007416e+02   5.716509e+02
5.956773e+02   5.976782e+02
6.025914e+02   6.242091e+02
6.144373e+02   6.476443e+02
6.339884e+02   6.664801e+02
6.528891e+02   6.841778e+02
6.716376e+02   7.019204e+02
6.913853e+02   7.100378e+02
7.131700e+02   7.217883e+02
7.377572e+02   7.380398e+02
7.612729e+02   7.407141e+02
7.831090e+02   7.549504e+02
8.014681e+02   7.675549e+02
8.147289e+02   7.927463e+02
8.249450e+02   8.159534e+02
8.292326e+02   8.457430e+02
8.374510e+02   8.603316e+02
8.389890e+02   8.800100e+02
8.450580e+02   9.020108e+02
8.567670e+02   9.208885e+02
8.703852e+02   9.360296e+02
8.861500e+02   9.468744e+02
9.050975e+02   9.526768e+02
9.271188e+02   9.466554e+02
9.530933e+02   9.382986e+02
9.795594e+02   9.287420e+02
1.002946e+03   9.218110e+02
1.022487e+03   9.084761e+02
1.043206e+03   9.005125e+02
1.062494e+03   9.067670e+02
1.082689e+03   9.073055e+02
1.098005e+03   9.166944e+02
1.116292e+03   9.193088e+02
1.133001e+03   9.249327e+02
1.152330e+03   9.293866e+02
1.175508e+03   9.364076e+02
1.195013e+03   9.409399e+02
1.212789e+03   9.427274e+02
1.228242e+03   9.487598e+02
1.244475e+03   9.485416e+02
1.263139e+03   9.446517e+02
1.279107e+03   9.447231e+02
1.295830e+03   9.377172e+02
1.311909e+03   9.370440e+02
1.325224e+03   9.319512e+02
1.340467e+03   9.244918e+02
1.350504e+03   9.211567e+02
1.358813e+03   9.106312e+02
1.365080e+03   8.993701e+02
1.374207e+03   8.888088e+02
1.380669e+03   8.759635e+02
1.382106e+03   8.603946e+02
1.385240e+03   8.470700e+02
1.389282e+03   8.367903e+02
1.391423e+03   8.224550e+02
1.390615e+03   8.069147e+02
1.393011e+03   7.914817e+02
1.394681e+03   7.768521e+02
1.398702e+03   7.587419e+02
1.400688e+03   7.437360e+02
1.399410e+03   7.290706e+02
1.401602e+03   7.149796e+02
1.405790e+03   6.989831e+02
1.411154e+03   6.804961e+02
1.421598e+03   6.721355e+02
1.434022e+03   6.604799e+02
1.446986e+03   6.504682e+02
1.460351e+03   6.383739e+02
1.474865e+03   6.305677e+02
1.484298e+03   6.207562e+02
1.497990e+03   6.158966e+02
1.509127e+03   6.129314e+02
1.525971e+03   6.174609e+02
1.540416e+03   6.235255e+02
1.553476e+03   6.351357e+02
1.562392e+03   6.480247e+02
1.576762e+03   6.600715e+02
1.585975e+03   6.722852e+02
1.592576e+03   6.851851e+02
1.597734e+03   7.045240e+02
1.599302e+03   7.206434e+02
1.595343e+03   7.353986e+02
1.588639e+03   7.507989e+02
1.581480e+03   7.653360e+02
1.571837e+03   7.796459e+02
1.565980e+03   7.947233e+02
1.561745e+03   8.120708e+02
1.551177e+03   8.258354e+02
1.537799e+03   8.367418e+02
1.527279e+03   8.499945e+02
1.274596e+03   6.151510e+02
1.267358e+03   6.018655e+02
1.256509e+03   5.890070e+02
1.236529e+03   5.856191e+02
1.220979e+03   5.858189e+02
1.202946e+03   5.902981e+02
1.185192e+03   6.029921e+02
1.182975e+03   6.242368e+02
1.175072e+03   6.401631e+02
1.163581e+03   6.531257e+02
1.153623e+03   6.714277e+02
1.136478e+03   6.834602e+02
1.117778e+03   6.918515e+02
1.097435e+03   6.940150e+02
1.081203e+03   7.031411e+02
1.060882e+03   7.086760e+02
1.044133e+03   7.152921e+02
1.027609e+03   7.285395e+02
1.019884e+03   7.466894e+02
1.013122e+03   7.638745e+02
1.000819e+03   7.767777e+02
9.804875e+02   7.788154e+02
9.594168e+02   7.704000e+02
9.525628e+02   7.462365e+02
9.485252e+02   7.243545e+02
9.425778e+02   6.994298e+02
9.372664e+02   6.823947e+02
9.530763e+02   6.627854e+02
9.717527e+02   6.522742e+02
9.867937e+02   6.452075e+02
9.981866e+02   6.393484e+02
1.007077e+03   6.263919e+02
1.017047e+03   6.160890e+02
1.030714e+03   6.045259e+02
1.035099e+03   5.875582e+02
1.039447e+03   5.697280e+02
1.044651e+03   5.520350e+02
1.047514e+03   5.331809e+02
1.057317e+03   5.199728e+02
1.073583e+03   5.213910e+02
1.093736e+03   5.259257e+02
1.112958e+03   5.284355e+02
1.132827e+03   5.313847e+02
1.153080e+03   5.323223e+02
1.174951e+03   5.280928e+02
1.194852e+03   5.208561e+02
1.215304e+03   5.178453e+02
1.235616e+03   5.224823e+02
1.254570e+03   5.335467e+02
1.269877e+03   5.407391e+02
1.283957e+03   5.470268e+02
1.294082e+03   5.544374e+02
1.302521e+03   5.635840e+02
1.309686e+03   5.758195e+02
1.316246e+03   5.872650e+02
1.321965e+03   5.997527e+02
1.326183e+03   6.111534e+02
1.332094e+03   6.214537e+02
1.336162e+03   6.334408e+02
1.334913e+03   6.491084e+02
1.331461e+03   6.646740e+02
1.330210e+03   6.804774e+02
1.327822e+03   6.962535e+02
1.331248e+03   7.127675e+02
1.330411e+03   7.293317e+02
1.323836e+03   7.450590e+02
1.320906e+03   7.617939e+02
1.317453e+03   7.737251e+02
1.313378e+03   7.871078e+02
1.312926e+03   7.986625e+02
1.311136e+03   8.121107e+02
1.311787e+03   8.256053e+02
1.311876e+03   8.395048e+02
1.315841e+03   8.539655e+02
1.322207e+03   8.674901e+02
1.320413e+03   8.810567e+02
1.316529e+03   8.951591e+02
1.311144e+03   9.068738e+02
1.305738e+03   9.212365e+02
1.300138e+03   9.341897e+02
1.284131e+03   9.451334e+02
1.266101e+03   9.506471e+02
1.249473e+03   9.522305e+02
1.233713e+03   9.476492e+02
1.215309e+03   9.417520e+02
1.201140e+03   9.342960e+02
1.181418e+03   9.323842e+02
1.161920e+03   9.384960e+02
1.143374e+03   9.436788e+02
1.127055e+03   9.482232e+02
1.113018e+03   9.437645e+02
1.111273e+03   9.276627e+02
1.117033e+03   9.108443e+02
1.120787e+03   8.992097e+02
1.121249e+03   8.885549e+02
1.121393e+03   8.726213e+02
1.124987e+03   8.584438e+02
1.125377e+03   8.463194e+02
1.130945e+03   8.361599e+02
1.142870e+03   8.261923e+02
1.150992e+03   8.260009e+02
1.161046e+03   8.199116e+02
1.170988e+03   8.240132e+02
1.183125e+03   8.323041e+02
1.194888e+03   8.363675e+02
1.203306e+03   8.458833e+02
1.210052e+03   8.523558e+02
1.222427e+03   8.601423e+02
1.232121e+03   8.727940e+02
1.238605e+03   8.891044e+02
1.246993e+03   9.015409e+02
1.251035e+03   9.149093e+02
1.253496e+03   9.300317e+02
1.262987e+03   9.467235e+02
1.273105e+03   9.556597e+02
1.287590e+03   9.571572e+02
1.299264e+03   9.586927e+02
1.310901e+03   9.569184e+02
1.323383e+03   9.548773e+02
1.334317e+03   9.533973e+02
1.345449e+03   9.555190e+02
1.354143e+03   9.597764e+02
1.362040e+03   9.621565e+02
1.370111e+03   9.615571e+02
1.379775e+03   9.512145e+02
1.387586e+03   9.414591e+02
1.394696e+03   9.322280e+02
1.401632e+03   9.237461e+02
1.410643e+03   9.179906e+02
1.421427e+03   9.165894e+02
1.430342e+03   9.113983e+02
1.443422e+03   9.073673e+02
1.450421e+03   9.011103e+02
1.449200e+03   8.868069e+02
1.443117e+03   8.765718e+02
1.435026e+03   8.631558e+02
1.427218e+03   8.521665e+02
1.421713e+03   8.429647e+02
1.411198e+03   8.337048e+02
1.399958e+03   8.272667e+02
1.383511e+03   8.224244e+02
1.371245e+03   8.188280e+02
1.363637e+03   8.182762e+02
1.355198e+03   8.208586e+02
1.345155e+03   8.226374e+02
1.334839e+03   8.266391e+02
1.323607e+03   8.317760e+02
1.312734e+03   8.344653e+02
1.302171e+03   839
1.295905e+03   8.482975e+02
1.293226e+03   8.602471e+02
1.292487e+03   8.714855e+02
1.286321e+03   8.839799e+02
1.281604e+03   8.938715e+02
1.281720e+03   9.045857e+02
1.283109e+03   9.158818e+02
1.285604e+03   9.273426e+02
1.294892e+03   9.371944e+02
1.309733e+03   9.360495e+02
1.321618e+03   9.360108e+02
1.331287e+03   9.356766e+02
1.335962e+03   9.408560e+02
1.336173e+03   9.489772e+02
1.339127e+03   9.588660e+02
1.343226e+03   9.694207e+02
1.342420e+03   9.763542e+02
1.339330e+03   9.809033e+02
1.332207e+03   9.851870e+02
1.324037e+03   9.914580e+02
1.312010e+03   9.962078e+02
1.300924e+03   9.988233e+02
1.291409e+03   1.003288e+03
1.282955e+03   1.005328e+03
1.273816e+03   1.006709e+03
1.260393e+03   1.006493e+03
1.249638e+03   1.003175e+03
1.238791e+03   1.000947e+03
1.234376e+03   9.941261e+02
1.233046e+03   9.840610e+02
1.231750e+03   9.754023e+02
1.232009e+03   9.657977e+02
