9.776003e+02   6.252893e+02
9.850877e+02   6.280022e+02
9.955490e+02   6.359109e+02
1.003130e+03   6.437040e+02
1.007799e+03   6.604824e+02
1.011308e+03   6.737948e+02
1.017138e+03   6.849462e+02
1.027888e+03   6.947295e+02
1.036043e+03   7.080877e+02
1.038644e+03   7.255513e+02
1.037341e+03   7.437379e+02
1.031640e+03   7.589538e+02
1.024949e+03   7.726714e+02
1.011632e+03   7.777887e+02
9.954385e+02   7.816604e+02
9.819145e+02   8.007673e+02
9.688095e+02   8.135605e+02
9.516944e+02   8.239651e+02
9.376749e+02   8.263366e+02
9.237569e+02   8.312922e+02
9.082583e+02   8.284993e+02
8.970538e+02   8.235849e+02
8.860210e+02   8.075693e+02
8.755669e+02   7.975912e+02
8.590413e+02   7.952242e+02
8.409016e+02   8.009356e+02
8.231243e+02   7.943413e+02
8.150261e+02   7.902849e+02
7.982932e+02   7.879676e+02
7.880336e+02   7.915782e+02
7.768304e+02   7.871465e+02
7.657250e+02   7.770891e+02
7.557301e+02   7.667763e+02
7.495125e+02   7.593536e+02
7.399112e+02   7.483261e+02
7.257687e+02   7.410738e+02
7.151492e+02   7.319488e+02
7.034958e+02   7.204057e+02
6.915245e+02   7.142290e+02
6.804165e+02   7.095418e+02
6.718796e+02   6.982629e+02
6.679368e+02   6.862259e+02
6.609722e+02   6.729658e+02
6.551457e+02   6.602724e+02
6.487978e+02   6.485632e+02
6.420063e+02   6.365901e+02
6.359849e+02   6.224832e+02
6.330329e+02   6.161815e+02
6.254081e+02   6.013156e+02
6.163441e+02   5.852636e+02
6.063509e+02   5.764112e+02
5.983634e+02   5.648002e+02
5.877889e+02   5.547731e+02
5.769399e+02   5.455269e+02
5.693522e+02   5.355147e+02
5.579244e+02   5.283907e+02
5.458520e+02   5.258366e+02
5.353591e+02   5.231628e+02
5.255825e+02   5.192340e+02
5.181850e+02   5.099411e+02
5.110414e+02   4.969667e+02
5.000714e+02   4.885980e+02
4.937051e+02   4.767693e+02
4.925631e+02   4.655227e+02
4.888458e+02   4.543672e+02
4.778491e+02   4.497565e+02
4.704024e+02   4.443501e+02
4.627524e+02   4.394178e+02
4.528047e+02   4.399300e+02
4.436625e+02   4.392636e+02
4.349427e+02   4.396676e+02
4.276758e+02   4.367617e+02
4.179574e+02   4.356328e+02
4.094276e+02   4.433065e+02
4.066612e+02   4.470319e+02
4.008570e+02   4.477981e+02
3.918259e+02   4.485686e+02
3.861729e+02   4.561805e+02
3.815617e+02   4.674515e+02
3.804434e+02   4.790557e+02
3.759438e+02   4.909504e+02
3.758228e+02   5.025250e+02
3.729850e+02   5.129616e+02
3.722967e+02   5.209934e+02
3.677637e+02   5.306921e+02
3.667012e+02   5.350723e+02
3.685716e+02   5.415601e+02
3.685400e+02   5.517968e+02
3.620698e+02   5.589432e+02
3.579852e+02   5.675398e+02
3.568711e+02   5.772550e+02
3.493374e+02   5.825639e+02
3.459833e+02   5.877249e+02
3.432595e+02   5.971221e+02
3.363215e+02   6.019260e+02
3.335260e+02   6.038141e+02
3.329844e+02   6.053441e+02
3.303051e+02   6.075862e+02
3.261235e+02   6.121382e+02
3.236171e+02   6.203409e+02
3.213138e+02   6.283165e+02
3.168707e+02   6.371624e+02
3.131568e+02   6.442140e+02
3.139777e+02   6.505598e+02
3.149725e+02   6.584827e+02
3.133695e+02   6.663295e+02
3.092493e+02   6.716866e+02
3.074151e+02   6.789124e+02
3.083949e+02   6.857027e+02
3.067694e+02   6.919607e+02
3.067207e+02   6.961782e+02
3.035271e+02   7.017678e+02
3.029947e+02   7.073903e+02
3.009965e+02   7.125645e+02
2.990598e+02   7.179332e+02
2.988325e+02   7.231805e+02
3.012415e+02   7.303584e+02
3.009104e+02   7.380410e+02
2.965913e+02   7.447040e+02
2.964704e+02   7.513042e+02
2.948099e+02   7.561651e+02
2.908701e+02   7.618563e+02
2.931975e+02   7.700557e+02
3.000254e+02   7.738651e+02
3.069905e+02   7.759415e+02
