9.372959e+02   6.305187e+02
9.266254e+02   6.246254e+02
9.127034e+02   6.182288e+02
9.021689e+02   6.086192e+02
8.905154e+02   5.940481e+02
8.798249e+02   5.808919e+02
8.667562e+02   5.741115e+02
8.556073e+02   5.640534e+02
8.440581e+02   5.563278e+02
8.290144e+02   5.529770e+02
8.117512e+02   5.513033e+02
7.951076e+02   5.559157e+02
7.769398e+02   5.634945e+02
7.602285e+02   5.757196e+02
7.453071e+02   5.860180e+02
7.292110e+02   5.983652e+02
7.145113e+02   6.068302e+02
7.003264e+02   6.129810e+02
6.867920e+02   6.186739e+02
6.715060e+02   6.244077e+02
6.570054e+02   6.312813e+02
6.446727e+02   6.402005e+02
6.319250e+02   6.534313e+02
6.253005e+02   6.669329e+02
6.146784e+02   6.806237e+02
6.014759e+02   6.947064e+02
5.853936e+02   7.025004e+02
5.694297e+02   7.085466e+02
5.526383e+02   7.132225e+02
5.361568e+02   7.163128e+02
5.190964e+02   7.148907e+02
5.000526e+02   7.163667e+02
4.824377e+02   7.181941e+02
4.634872e+02   7.166321e+02
4.442646e+02   7.167787e+02
4.265249e+02   7.148889e+02
4.093931e+02   7.133834e+02
3.933157e+02   7.118851e+02
3.751630e+02   7.115173e+02
3.556265e+02   7.088210e+02
3.376412e+02   7.068783e+02
3.196369e+02   7.094792e+02
3.024342e+02   7.069636e+02
2.870247e+02   6.989302e+02
2.718884e+02   6.946448e+02
2.556322e+02   6.907405e+02
2.399880e+02   6.854582e+02
2.281914e+02   6.750046e+02
2.151682e+02   6.645112e+02
2.037205e+02   6.515488e+02
1.913152e+02   6.404290e+02
1.798801e+02   6.294371e+02
1.716412e+02   6.174708e+02
