9.460613e+02   6.192203e+02
9.448163e+02   6.135746e+02
9.414476e+02   5.980037e+02
9.344700e+02   5.803961e+02
9.210013e+02   5.670904e+02
9.095155e+02   5.544895e+02
8.948956e+02   5.404091e+02
8.811206e+02   5.271144e+02
8.644820e+02   5.119095e+02
8.522150e+02   4.945314e+02
8.405491e+02   4.773430e+02
8.366309e+02   4.590262e+02
8.378313e+02   4.367605e+02
8.476243e+02   4.155679e+02
8.531830e+02   3.932531e+02
8.577891e+02   3.723564e+02
8.600535e+02   3.500753e+02
8.649234e+02   3.292080e+02
8.695602e+02   3.106253e+02
8.796947e+02   2.927668e+02
8.892334e+02   2.748170e+02
8.948415e+02   2.560049e+02
8.977558e+02   2.372356e+02
8.991427e+02   2.169329e+02
9.020073e+02   1.955749e+02
9.033143e+02   1.722862e+02
9.072467e+02   1.529295e+02
9.055779e+02   1.315923e+02
9.022678e+02   1.120386e+02
8.975425e+02   9.147614e+01
9.006142e+02   7.101282e+01
8.988662e+02   4.852582e+01
8.962273e+02   2.921814e+01
