9.739170e+02   6.279926e+02
9.673172e+02   6.223958e+02
9.647549e+02   6.244728e+02
9.608540e+02   6.242810e+02
9.591302e+02   6.275679e+02
9.563237e+02   6.268194e+02
9.541371e+02   6.297131e+02
9.506474e+02   6.355414e+02
9.493582e+02   6.524079e+02
9.553022e+02   6.750319e+02
9.633012e+02   7.005279e+02
9.676334e+02   7.287042e+02
9.754671e+02   7.551019e+02
9.684372e+02   7.766372e+02
9.631783e+02   8.232054e+02
9.675979e+02   8.433771e+02
9.786826e+02   8.697040e+02
9.892012e+02   8.953933e+02
9.882767e+02   9.254293e+02
9.772034e+02   9.510427e+02
9.781059e+02   9.768503e+02
9.842302e+02   1.006109e+03
9.891333e+02   1.034805e+03
9.865791e+02   1.059785e+03
9.887134e+02   1.085869e+03
9.938704e+02   1.110907e+03
9.922248e+02   1.133960e+03
9.970587e+02   1.156378e+03
1.003292e+03   1.176671e+03
1.014099e+03   1.198678e+03
1.031110e+03   1.216071e+03
1.048919e+03   1239
1.066137e+03   1.262935e+03
1.088453e+03   1.270386e+03
1.110521e+03   1.273106e+03
1.131142e+03   1.265603e+03
1.147105e+03   1.258510e+03
1.162658e+03   1.247310e+03
1.164902e+03   1.222673e+03
1.155391e+03   1.202766e+03
1.145475e+03   1.181893e+03
1.133146e+03   1.158459e+03
1.126967e+03   1.132253e+03
1.116683e+03   1.107422e+03
1.104325e+03   1.083730e+03
1.096437e+03   1.058533e+03
1.094123e+03   1.033791e+03
1.096054e+03   1.004526e+03
1096   9.770206e+02
1.095120e+03   9.538949e+02
1.095833e+03   9.293940e+02
1.103938e+03   9.071576e+02
1.117702e+03   8.821189e+02
1.129146e+03   8.617870e+02
1.138032e+03   8.407948e+02
1.152487e+03   8.224816e+02
1.168163e+03   8.054444e+02
1.180258e+03   7.851828e+02
1.199537e+03   7.780343e+02
1.219189e+03   7.701576e+02
1.238718e+03   7.634309e+02
1.258440e+03   7.559395e+02
1.277885e+03   7.467256e+02
1.293748e+03   7.343487e+02
1.315021e+03   7.243114e+02
1.336289e+03   7.226418e+02
1.356538e+03   7.182624e+02
1.377214e+03   7.176706e+02
1.396534e+03   7.251709e+02
1.416689e+03   7.300097e+02
1.433179e+03   7.381915e+02
1.446455e+03   7.479846e+02
1.459982e+03   7.607983e+02
1.466612e+03   7.760161e+02
1.475090e+03   7.913545e+02
1.480487e+03   8.058128e+02
1.479794e+03   8.230332e+02
1.474422e+03   8.399266e+02
1.475174e+03   8.608332e+02
1.460768e+03   8.749309e+02
1.439494e+03   8.841567e+02
1.418924e+03   8.927498e+02
1.399788e+03   8.906520e+02
1.383364e+03   8.931981e+02
1.366386e+03   8.925238e+02
1.353154e+03   9.019533e+02
1.338478e+03   9.088346e+02
1.325597e+03   9.189091e+02
1.313079e+03   9.286272e+02
1.302003e+03   9.378530e+02
1.294746e+03   9.534414e+02
1.286705e+03   9.653327e+02
1.279387e+03   9.767703e+02
1.271364e+03   9.882559e+02
1.269769e+03   9.990320e+02
1.268850e+03   1.014146e+03
1.268260e+03   1.028625e+03
1.267126e+03   1.045185e+03
1.262648e+03   1.061420e+03
1.255896e+03   1.075163e+03
1.245350e+03   1.084922e+03
1.234831e+03   1.089907e+03
1.225557e+03   1.099721e+03
1.220086e+03   1.110590e+03
1.211121e+03   1.119290e+03
1.200033e+03   1.123469e+03
1.187141e+03   1.120115e+03
1.174418e+03   1.122760e+03
1.162379e+03   1.130400e+03
1.145796e+03   1.129113e+03
1.136075e+03   1.134180e+03
1.126082e+03   1.134281e+03
1.112739e+03   1.127164e+03
1.099440e+03   1.121202e+03
1.084032e+03   1.122062e+03
1.070809e+03   1.123724e+03
1.057090e+03   1.122931e+03
1.043534e+03   1.123222e+03
1.031487e+03   1.122926e+03
1.016406e+03   1.122239e+03
1.001633e+03   1.122713e+03
9.874793e+02   1.127363e+03
9.741299e+02   1.134688e+03
9.588671e+02   1.136629e+03
9.432372e+02   1.140186e+03
9.277977e+02   1.147231e+03
9.205701e+02   1.154740e+03
9.160687e+02   1.167119e+03
9.171954e+02   1.180790e+03
9.106274e+02   1.192204e+03
9.030600e+02   1.202326e+03
8.987278e+02   1.212972e+03
8.940278e+02   1.223237e+03
8.808450e+02   1.231936e+03
8.774130e+02   1.240616e+03
8.702760e+02   1.247982e+03
8.592277e+02   1.258618e+03
8.518809e+02   1.269435e+03
