9.616239e+02   6.415104e+02
9.500582e+02   6.373572e+02
9.382330e+02   6.246149e+02
9.337820e+02   5.993604e+02
9.272824e+02   5.683538e+02
9.365051e+02   5.392043e+02
9.558523e+02   5.154669e+02
9.702294e+02   4.923731e+02
9.732101e+02   4.646844e+02
9.832535e+02   4.371040e+02
9.946785e+02   4.060273e+02
9.971889e+02   3.760363e+02
1.002535e+03   3.450603e+02
1.0006e+03	0.3144e+03
9.936313e+02   2.814030e+02
9.789439e+02   2.539579e+02
9.738944e+02   2.217367e+02
9.642294e+02   1.923418e+02
9.554047e+02   1.615561e+02
9.535576e+02   1.304143e+02
9.514947e+02   1.009848e+02
9.422207e+02   7.225382e+01
9.321448e+02   4.693224e+01
9.169198e+02   2.265581e+01
