9.460843e+02   6.435112e+02
9.467774e+02   6.438104e+02
9.469574e+02   6.453235e+02
9.465330e+02   6.471719e+02
9.420262e+02   6.500697e+02
9.381867e+02   6.534531e+02
9.357971e+02   6.537225e+02
9.334610e+02   6.543339e+02
9.274492e+02   6.550200e+02
9.190363e+02   6.549257e+02
9.111348e+02   6.548573e+02
9.037405e+02   6.548751e+02
8.945116e+02   6.543218e+02
8.872799e+02   6.552685e+02
8.780739e+02   6.538960e+02
8.660649e+02   6.487532e+02
8.600820e+02   6.454446e+02
8.533840e+02   6.409448e+02
8.487269e+02   6.398117e+02
8.422298e+02   6.403781e+02
8.367430e+02   6.389651e+02
8.311802e+02   6.364415e+02
8.197784e+02   6.317374e+02
8.071192e+02   6.225628e+02
8.065278e+02   6.082857e+02
8.086661e+02   5.934554e+02
8.174162e+02   5.864103e+02
8.268111e+02   5.803681e+02
8.334243e+02   5.760739e+02
8.402524e+02   5.655047e+02
8.458341e+02   5.603877e+02
8.502741e+02   5.563669e+02
8.585917e+02   5.491358e+02
8.678409e+02   5.390918e+02
8.736128e+02   5.308081e+02
8.820071e+02   5.270213e+02
8.862309e+02   5.191727e+02
8.904778e+02   5.131990e+02
8.941596e+02   5.079147e+02
8.979786e+02   4.977933e+02
9.010077e+02   4.919291e+02
9.060112e+02   4.874062e+02
9.094394e+02   4.783304e+02
9.130416e+02   4.715342e+02
9.128349e+02   4.663831e+02
9.141903e+02   4.606039e+02
9.148069e+02   4.548069e+02
9.172211e+02   4.505829e+02
9.209215e+02   4.133717e+02
9.235782e+02   4.106356e+02
9.195441e+02   4.052760e+02
9.180297e+02   3.961853e+02
9.156350e+02   3.874897e+02
9.155353e+02   3.776386e+02
9.131633e+02   3.678384e+02
9.115525e+02   3.607732e+02
9.117908e+02   3.528583e+02
9.095728e+02   3.459015e+02
9.042920e+02   3.353755e+02
9.010937e+02   3.258731e+02
8.990017e+02   3.170942e+02
8.971546e+02   3.093655e+02
8.955554e+02   3.018588e+02
8.949348e+02   2.941072e+02
8.935743e+02   2.893826e+02
8.913784e+02   2.778471e+02
8.914433e+02   2.701836e+02
8.920763e+02   2.621678e+02
8.919032e+02   2.558409e+02
8.928743e+02   2.443975e+02
8.917845e+02   2.350281e+02
8.921772e+02   2.264198e+02
8.932000e+02   2.217942e+02
8.936894e+02   2.155539e+02
8.944780e+02   2.091481e+02
8.970109e+02   2.002980e+02
9.006453e+02   1.893383e+02
9.023676e+02   1.796516e+02
9.025495e+02   1.708872e+02
9.034087e+02   1.628684e+02
9.045038e+02   1.557747e+02
9.033801e+02   1.485786e+02
9.025613e+02   1.412525e+02
9.046355e+02   1.313859e+02
9.111632e+02   1.227154e+02
9.138814e+02   1.170573e+02
9.175602e+02   1.130048e+02
9.203797e+02   1.082309e+02
9.223809e+02   1.010948e+02
9.263005e+02   9.117427e+01
9.272643e+02   8.326031e+01
9.272653e+02   7.537887e+01
9.285096e+02   6.497680e+01
9.289761e+02   5.547368e+01
9.270182e+02   4.593724e+01
9.219992e+02   3.538858e+01
9.182471e+02   2.895543e+01
9.160494e+02   2.325637e+01
