9.929837e+02   6.303580e+02
1.000925e+03   6.280847e+02
9.984224e+02   6.378812e+02
1.000703e+03   6.578627e+02
1.005638e+03   6.845522e+02
1.017235e+03   7.147864e+02
1.036610e+03   7.421576e+02
1.056652e+03   7.705821e+02
1.084110e+03   7.873638e+02
1.116989e+03   7.978669e+02
1.153050e+03   8.014169e+02
1.180680e+03   7.716720e+02
1.203894e+03   7.381480e+02
1.222148e+03   6.999241e+02
1.231405e+03   6.586000e+02
1.225225e+03   6.180106e+02
1.206279e+03   5.816624e+02
1.177325e+03   5.556710e+02
1.139788e+03   5.490796e+02
1.102866e+03   5.664130e+02
1.071044e+03   5.918278e+02
1.046886e+03   6.302770e+02
1.029013e+03   6.655997e+02
1.018008e+03   7.100580e+02
1.019480e+03   7.466579e+02
1.009248e+03   7.854917e+02
1.004908e+03   8.203574e+02
1.014351e+03   8.535483e+02
1.024781e+03   8.858822e+02
1.051132e+03   9.124403e+02
1.081946e+03   9.291552e+02
1.117884e+03   9.432035e+02
1.154126e+03   9.440901e+02
1.193626e+03   9.408315e+02
1.227834e+03   9.312396e+02
1.260025e+03   9.313951e+02
1.285311e+03   9.470864e+02
1.322581e+03   9.553294e+02
1.355954e+03   9.532969e+02
1.390676e+03   9.514887e+02
1.425057e+03   9.425654e+02
1.452990e+03   9.299387e+02
1.475444e+03   9.140023e+02
1.501243e+03   8.899871e+02
1.511872e+03   8.543224e+02
1.503140e+03   8.162944e+02
1.476491e+03   7.810822e+02
1.459044e+03   7.437350e+02
1.452828e+03   7.009645e+02
1.458615e+03   6.572026e+02
1.474866e+03   6.230847e+02
1.493474e+03   5.881234e+02
1.495553e+03   5.453166e+02
1.510004e+03   5.165998e+02
1.540810e+03   4.990620e+02
1.580363e+03   5.074947e+02
1.620350e+03   5.207550e+02
1.654427e+03   5.393351e+02
1.690348e+03   5.561808e+02
1.724423e+03   5.881490e+02
1.758815e+03   6.101356e+02
