9.356071e+02   6.697035e+02
9.311638e+02   6.702127e+02
9.279716e+02   6.710711e+02
9.213549e+02   6.736141e+02
9.140043e+02   6.804874e+02
9.075557e+02   6.892740e+02
9.040882e+02   7.081031e+02
9.085735e+02   7.321144e+02
9.126281e+02   7.581609e+02
9.231835e+02   7.718452e+02
9.361204e+02   7.800796e+02
9.577368e+02   8.024601e+02
9.800816e+02   8.253592e+02
1.006145e+03   8.293214e+02
1.034401e+03   8.305371e+02
1.057576e+03   8.304501e+02
1.081436e+03   8.277203e+02
1.104017e+03   8.126739e+02
1.120640e+03   7.850769e+02
1.146330e+03   7.807013e+02
1.169763e+03   7.764861e+02
1.192414e+03   7.802201e+02
1.209144e+03   7.885556e+02
1.227542e+03   8.320070e+02
1.240278e+03   8.522151e+02
1.257021e+03   8.783672e+02
1.267104e+03   9.061017e+02
1.279214e+03   9.329870e+02
1.290658e+03   9.545634e+02
1.310489e+03   9.645670e+02
1.332516e+03   9.642737e+02
1.355734e+03   9.692715e+02
1.377387e+03   9.673642e+02
1.386076e+03   9.476132e+02
1.394912e+03   9.207795e+02
1.401959e+03   8.907870e+02
1.395348e+03   8.630266e+02
1.371975e+03   8.459345e+02
1.349150e+03   8.311297e+02
1.330884e+03   8.091088e+02
1.310663e+03   7.915498e+02
1.288195e+03   7.801907e+02
1.270766e+03   7.606483e+02
1.249310e+03   7.419750e+02
1.232282e+03   7.236179e+02
1.207006e+03   7.137908e+02
1.181365e+03   7.087216e+02
1.166507e+03   6.998370e+02
1.156719e+03   6.851599e+02
1.149003e+03   6.655950e+02
1.147624e+03   6.441678e+02
1.154179e+03   6.384398e+02
1.168086e+03   6.358518e+02
1.183073e+03   6.355952e+02
1.200021e+03   6.370992e+02
1.217944e+03   6.501571e+02
1.228063e+03   6.600187e+02
1.242979e+03   6.675406e+02
1.259225e+03   6.662452e+02
1.274771e+03   6.674553e+02
1.292496e+03   6.705381e+02
1.306956e+03   6.685147e+02
1.318432e+03   6.638501e+02
1.326476e+03   6.555659e+02
1.336826e+03   6.462452e+02
1.346209e+03   6.341323e+02
1.348087e+03   6.234276e+02
1.349482e+03   6.103627e+02
1.348259e+03   5.982188e+02
1.343281e+03   5.838179e+02
1.336117e+03   5.720947e+02
1.328476e+03   5.681660e+02
1.321596e+03   5.650868e+02
1.313991e+03   5.650351e+02
1.305661e+03   5.683458e+02
1.302198e+03   5.735956e+02
1.302114e+03   5.791662e+02
1.300695e+03   5.809137e+02
1.301207e+03   5.834195e+02
1.303126e+03   5.856127e+02
1.305496e+03   5.917009e+02
1.306613e+03   5.959295e+02
1.308031e+03   6.001904e+02
1.308466e+03   6.053939e+02
1.309372e+03   6.125683e+02
1.309861e+03   6.164192e+02
1.310236e+03   6.185652e+02
1.312125e+03   6.230305e+02
1.311512e+03   6.264465e+02
1.311205e+03   6.315958e+02
1.308114e+03   6.361075e+02
1.304383e+03   6.401182e+02
1.302557e+03   6.425572e+02
1.300463e+03   6.433175e+02
1.295828e+03   6.450466e+02
1.294212e+03   6.450849e+02
1.291210e+03   6.476363e+02
1.287314e+03   6.502940e+02
1.284827e+03   6.550853e+02
1.280368e+03   6.587938e+02
1.277323e+03   6.607573e+02
1.271558e+03   6.637069e+02
1.264588e+03   666
1.260976e+03   6.653525e+02
1.257003e+03   6.646262e+02
1.252509e+03   6.635890e+02
1.247171e+03   6.625628e+02
1.244330e+03   6.618446e+02
1.242824e+03   6.617599e+02
1.241524e+03   6.615509e+02
1.241061e+03   6.611294e+02
1.239970e+03   6.610565e+02
1.239641e+03   6.608386e+02
1.238629e+03   6.606330e+02
1.238716e+03   6.599974e+02
1.238507e+03   6.603223e+02
1.237943e+03   6.602811e+02
1.237772e+03   6.602608e+02
1.237101e+03   6.600564e+02
1.236774e+03   6.601282e+02
1236   6.601711e+02
1.234517e+03   6.608050e+02
1.234464e+03   6.614948e+02
1.233129e+03   6.618973e+02
1.232659e+03   6.628564e+02
1.232626e+03   6.634083e+02
