9.203056e+02   6.392932e+02
9.199225e+02   6.358234e+02
9.197303e+02   6.319423e+02
9.201389e+02   6.302883e+02
9.195477e+02   6.292181e+02
9.185839e+02   6.288203e+02
9.171407e+02   6.273657e+02
9.128491e+02   6.251982e+02
9.122535e+02   6.257378e+02
9.105375e+02   6.236187e+02
9.093583e+02   6.224867e+02
9.070155e+02   6.224296e+02
9.054030e+02   6.215627e+02
9.033594e+02   6.202596e+02
9.013214e+02   6.197864e+02
9.003145e+02   6.188165e+02
8.990021e+02   6.182173e+02
8.985215e+02   6.183798e+02
8.978042e+02   6.179161e+02
8.943222e+02   6.170567e+02
8.925550e+02   6.170349e+02
8.921165e+02   6.169241e+02
8.908149e+02   6.164669e+02
8.890550e+02   6.160825e+02
8.873469e+02   6.160918e+02
8.843556e+02   6.158803e+02
8.831413e+02   6.154947e+02
8.817510e+02   6.152218e+02
8.796309e+02   6.150644e+02
8.785983e+02   6.145852e+02
8.763144e+02   6.147205e+02
8.731950e+02   6.147178e+02
8.705056e+02   6.152884e+02
8.690126e+02   6.146807e+02
8.678185e+02   6.148387e+02
8.657831e+02   6.153125e+02
8.623869e+02   6.152426e+02
8.588424e+02   6.153983e+02
8.557830e+02   6.154368e+02
8.535215e+02   6.155570e+02
8.498395e+02   6.154158e+02
8.487316e+02   6.150424e+02
8.483227e+02   6.152293e+02
8.481393e+02   6.153251e+02
8.481073e+02   6.153403e+02
8.476571e+02   6.153844e+02
8.469584e+02   6.153351e+02
8.463377e+02   6.154398e+02
8.465806e+02   6.153737e+02
8.465818e+02   6.153673e+02
8.467614e+02   6.153485e+02
8.463990e+02   6.154514e+02
8.463670e+02   6.152979e+02
8.460846e+02   6.154308e+02
8.460975e+02   6.155575e+02
8.457742e+02   6.153360e+02
8.455196e+02   6.155561e+02
8.455710e+02   6.153619e+02
8.455625e+02   6.154036e+02
8.457236e+02   6.154065e+02
8.459813e+02   6.155360e+02
8.457995e+02   6.154974e+02
8.458790e+02   6.154032e+02
8.460875e+02   6.155729e+02
8.460104e+02   6.155104e+02
8.461923e+02   6.155205e+02
8.458918e+02   6.155361e+02
8.456710e+02   6.156475e+02
8.457937e+02   6.156841e+02
8.457068e+02   6.156204e+02
8.459948e+02   6.157143e+02
8.461676e+02   6.157766e+02
8.458833e+02   6.155729e+02
8.457446e+02   6.155887e+02
8.457200e+02   6.156827e+02
8.459702e+02   6.156477e+02
8.456084e+02   6.155561e+02
8.457003e+02   6.154278e+02
8.457170e+02   6.155418e+02
8.454684e+02   6.155211e+02
8.457151e+02   6.154575e+02
8.456250e+02   6.154402e+02
8.455679e+02   6.155924e+02
8.456474e+02   6.154986e+02
8.457278e+02   6.154639e+02
8.457429e+02   6.153701e+02
8.453699e+02   6.152081e+02
8.454129e+02   6.151770e+02
8.451961e+02   6.151989e+02
8.457407e+02   6.152393e+02
8.453788e+02   6.152618e+02
8.452885e+02   6.154426e+02
8.455565e+02   6.153785e+02
8.452909e+02   6.153269e+02
8.450282e+02   6.150197e+02
8.445771e+02   6.151771e+02
8.449099e+02   6.150610e+02
8.447715e+02   6.150386e+02
8.445948e+02   6.149913e+02
8.445988e+02   6.150029e+02
8.443110e+02   6.147530e+02
8.434969e+02   6.146938e+02
8.434025e+02   6.145126e+02
8.434593e+02   6.145472e+02
8.431900e+02   6.144800e+02
8.419000e+02   6.142586e+02
8.409675e+02   6.141011e+02
8.409855e+02   6.142655e+02
8.409517e+02   6.141710e+02
8.414007e+02   6.141386e+02
8.412443e+02   6.140496e+02
8.411303e+02   6.141341e+02
8.410943e+02   6.141887e+02
8.413208e+02   6.142566e+02
8.412083e+02   6.140758e+02
8.412510e+02   6.140684e+02
8.411115e+02   6.141654e+02
8.410502e+02   6.141737e+02
8.412085e+02   6.141969e+02
8.409591e+02   6.141561e+02
8.412146e+02   6.140575e+02
8.411336e+02   6.141031e+02
8.412121e+02   6.141136e+02
8.411167e+02   6.140973e+02
8.411260e+02   6.140802e+02
8.410595e+02   6.140595e+02
8.409466e+02   6.140954e+02
8.410113e+02   6.140981e+02
8.406084e+02   614
8.409815e+02   6.141439e+02
8.409272e+02   6.140536e+02
8.409769e+02   6.140538e+02
8.409735e+02   6.141023e+02
