9.171333e+02   6.217042e+02
9.261010e+02   6.107772e+02
9.311334e+02   5.904928e+02
9.322312e+02   5.767679e+02
9.297794e+02   5.552491e+02
9.271856e+02   5.329325e+02
9.181812e+02   5.111162e+02
9.096311e+02   4.881716e+02
9.007775e+02   4.657611e+02
8.905201e+02   4.477170e+02
8.781546e+02   4.281065e+02
8.603618e+02   4.189049e+02
8.447083e+02   4.088062e+02
8.276031e+02   4.001887e+02
8.114882e+02   3.910189e+02
7.923656e+02   3.822380e+02
7.759991e+02   3.704556e+02
7.619166e+02   3.606517e+02
7.431746e+02   3.514762e+02
7.211714e+02   3.450932e+02
7.001953e+02   3.386323e+02
6.799322e+02   3.304805e+02
6.592473e+02   3.201705e+02
6.403585e+02   3.150400e+02
6.213753e+02   3.051475e+02
6.045833e+02   2.939864e+02
5.870709e+02   2.882358e+02
5.712608e+02   2.812303e+02
5.551019e+02   2.753264e+02
5.397059e+02   2.674791e+02
5.229820e+02   2.594272e+02
5.080726e+02   2.530316e+02
4.959856e+02   2.469796e+02
4.814737e+02   2.407305e+02
4.638108e+02   2.344963e+02
4.496929e+02   2.275731e+02
4.381317e+02   2.169902e+02
4.273440e+02   2.051342e+02
4.135849e+02   1.948022e+02
3.972205e+02   1.887334e+02
3.779075e+02   1.785387e+02
3.574918e+02   1.753214e+02
