9.156426e+02   6.620974e+02
9.181189e+02   6.615510e+02
9.216607e+02   6.557285e+02
9.211800e+02   6.490400e+02
9.211850e+02   6.440181e+02
9.250636e+02   6.300887e+02
933   6.139708e+02
9.432888e+02   6.032623e+02
9.532748e+02   5.850085e+02
9.518175e+02   5.730209e+02
9.492913e+02   5.603922e+02
9.498776e+02   5.503839e+02
9.607105e+02   5.352687e+02
9.764751e+02   5.211938e+02
9.949619e+02   5.125331e+02
1.016076e+03   5.035367e+02
1.039898e+03   4.943547e+02
1.063759e+03   4.899421e+02
1.084061e+03   4.856042e+02
1.103405e+03   4.894741e+02
1.122655e+03   4.985211e+02
1.142108e+03   5.084441e+02
1.159029e+03   5.158986e+02
1.176215e+03   5.157098e+02
1.198705e+03   5.147583e+02
1.217553e+03   5.139525e+02
1.234899e+03   5.094602e+02
1.251763e+03   5.008375e+02
1.265682e+03   4.811700e+02
1.278108e+03   4.608142e+02
1.286015e+03   4.406398e+02
1.300476e+03   4.260804e+02
1.314662e+03   4.135924e+02
1.326789e+03   4.066986e+02
1.341466e+03   3.991679e+02
1.354633e+03   3.910378e+02
1.366674e+03   3.840800e+02
1.377291e+03   3.752836e+02
1.388188e+03   3.668357e+02
1.406047e+03   3.657623e+02
1.419139e+03   3.735546e+02
1.433359e+03   3.798951e+02
1.448675e+03   387
1.460562e+03   3.929789e+02
1.474197e+03   3.974792e+02
1.492193e+03   3.970770e+02
1.508685e+03   4.042662e+02
1.523562e+03   4.096797e+02
1.538038e+03   4.033360e+02
1.550841e+03   3.976420e+02
1.565490e+03   3.924279e+02
1.579337e+03   3.814096e+02
1.591899e+03   3.676434e+02
1.593968e+03   3.497480e+02
1.589683e+03   3.323093e+02
1.578077e+03   3.116953e+02
1.564565e+03   2.969397e+02
1.550343e+03   2.883588e+02
1.536800e+03   2.765399e+02
1.524990e+03   2.654839e+02
1.517470e+03   2.506411e+02
1.515630e+03   2.339631e+02
1.519218e+03   2.176155e+02
1.529001e+03   2.035314e+02
1.540187e+03   1.916264e+02
