928   6.688239e+02
9.187306e+02   6.697954e+02
9.023651e+02   6.694104e+02
8.873715e+02   6.624880e+02
8.740595e+02   6.571924e+02
8.643159e+02   6.520850e+02
8.584482e+02   6.442121e+02
8.471463e+02   6.330322e+02
8.422996e+02   6.166768e+02
8.347887e+02   5.996756e+02
8.213060e+02   5.827845e+02
8.122359e+02   5.605534e+02
8.093857e+02   5.357943e+02
8.095813e+02   5.132103e+02
8.171454e+02   4.877776e+02
8.212713e+02   4.653983e+02
8.303213e+02   4.362243e+02
8.430047e+02   4.165470e+02
8.609662e+02   3.998947e+02
8.817123e+02   3.847094e+02
9.016223e+02   3.758601e+02
9.201068e+02   3.644662e+02
9.426014e+02   3.597483e+02
9.626417e+02   3.538968e+02
9.820517e+02   3.458684e+02
1.001306e+03   3.379256e+02
1.021351e+03   3.343337e+02
1.041449e+03   3.340059e+02
1.060364e+03   3.373511e+02
1.079507e+03   3.429863e+02
1.094704e+03   3.535304e+02
1.111068e+03   3.651314e+02
1.121740e+03   3.775448e+02
1.126361e+03   3.931328e+02
1.123066e+03   4.057391e+02
1.118002e+03   4.211096e+02
1.115323e+03   4.362425e+02
1.110886e+03   4.505545e+02
1.109413e+03   4.658781e+02
1.108380e+03   4.814346e+02
1.109403e+03   4.986116e+02
1.114888e+03   5.129401e+02
1.120499e+03   5.249001e+02
1.130378e+03   5.383863e+02
1.141067e+03   5.454847e+02
1.156253e+03   5.547992e+02
1.171699e+03   5.581876e+02
1.190160e+03   5.555761e+02
1.204654e+03   5.541668e+02
1.221901e+03   5.552395e+02
1.234929e+03   5.673856e+02
1.244727e+03   5.764818e+02
1.257848e+03   5.873779e+02
1.267236e+03   5.947867e+02
1.279839e+03   6.042983e+02
1.287011e+03   6.154673e+02
1.295418e+03   6.287916e+02
1.301391e+03   6.391430e+02
1.311282e+03   6.525429e+02
1.317728e+03   6.680306e+02
1.314495e+03   6.840884e+02
1.305406e+03   6.916991e+02
1.295917e+03   6.987310e+02
1.285676e+03   7.027394e+02
1.277704e+03   7.080280e+02
1.267035e+03   7.144354e+02
1.255925e+03   7.176428e+02
1.246999e+03   7.226592e+02
1.232205e+03   7.286002e+02
1.217580e+03   7.293187e+02
1.207157e+03   7.254307e+02
1.198195e+03   7.212098e+02
1.189218e+03   7.175357e+02
1.178747e+03   7.111611e+02
1.166963e+03   7.046614e+02
1.154450e+03   6.998261e+02
1.143669e+03   6.925360e+02
1.135446e+03   6.829431e+02
1.129390e+03   6.673797e+02
1.127943e+03   6.554815e+02
1.123216e+03   6.473396e+02
1.119465e+03   6.333703e+02
1.115164e+03   6.185758e+02
1.110696e+03   6.024234e+02
1.113535e+03   5.858444e+02
1.117495e+03   5.743483e+02
1.132626e+03   5.657330e+02
1.149841e+03   5.636179e+02
1.166655e+03   5.689829e+02
1.179071e+03   5.733666e+02
1.197268e+03   5.783764e+02
1.211449e+03   5.811434e+02
1.225286e+03   5.824621e+02
1.242173e+03   5.853040e+02
1.259639e+03   5.902629e+02
1.277332e+03   5.851261e+02
1.282999e+03   5.701039e+02
1.288537e+03   5.537080e+02
1.285511e+03   5.374306e+02
1.274750e+03   5.239737e+02
1.259279e+03   5.184149e+02
1.243098e+03   5.244043e+02
1.231693e+03   5.367383e+02
1.218303e+03   5.500532e+02
1.212368e+03   5.681331e+02
1.213068e+03   5.870921e+02
1.217611e+03   6.063773e+02
1.231539e+03   6.202247e+02
1.247089e+03   6.230240e+02
1.261726e+03   6.241416e+02
1.277409e+03   6.204302e+02
1.292040e+03   6.105944e+02
1.297533e+03   5.915537e+02
1.290379e+03   5.743184e+02
1.280926e+03   5.624981e+02
1.267053e+03   5.522205e+02
1.251019e+03   5.479499e+02
1.235375e+03   5.454348e+02
1.223257e+03   5.413677e+02
1.210486e+03   5.396568e+02
1.190592e+03   5.398319e+02
1.172021e+03   5.373337e+02
1.156624e+03   5.373611e+02
1.139607e+03   5.444100e+02
1.125042e+03   5.523684e+02
1.113056e+03   5.653179e+02
1.106284e+03   5.789225e+02
1.100821e+03   5.896343e+02
1.103026e+03   5.972727e+02
1.102317e+03   6.339878e+02
1.105367e+03   6.392262e+02
1.111019e+03   6.508310e+02
1.121288e+03   6.669771e+02
1.134334e+03   6.746365e+02
1.150350e+03   6.786250e+02
1.168754e+03   6.746208e+02
1.184814e+03   6.683884e+02
1.197935e+03   6.608816e+02
1.210927e+03   6.529820e+02
1.223794e+03   6.483786e+02
1.234070e+03   6.447982e+02
1.247157e+03   6.426647e+02
1.260905e+03   6.377260e+02
1.268368e+03   6.235794e+02
1.270190e+03   6.032755e+02
1.266775e+03   5.851703e+02
1.258706e+03   5.726424e+02
1.247280e+03   5.612604e+02
1.238087e+03   5.522579e+02
1.233049e+03   5.387210e+02
1.231958e+03   5.252433e+02
1.229943e+03   5.129174e+02
1.225059e+03   4.981584e+02
1.222107e+03   4.852996e+02
1.214920e+03   4.756224e+02
1.200413e+03   4.721891e+02
1.181829e+03   4.746886e+02
1.162895e+03   4.843320e+02
1.158865e+03   5.020051e+02
1.156773e+03   5.222500e+02
1.161211e+03   5.385633e+02
1.170323e+03   5.512591e+02
1.181780e+03   5.624089e+02
1.194478e+03   5.670774e+02
1.210289e+03   5.723618e+02
1.226626e+03   5.861122e+02
1.246090e+03   5.935108e+02
1.265394e+03   5.979767e+02
1.278597e+03   6.005529e+02
1.293507e+03   6.035720e+02
1.307131e+03   6.120105e+02
1.321907e+03   6.190115e+02
1.336268e+03   6.194087e+02
1.350134e+03   6.214504e+02
1.365622e+03   6.216538e+02
1.379525e+03   6.248941e+02
1.391360e+03   6.359718e+02
1.401867e+03   6.475592e+02
1.416019e+03   6.632046e+02
1.426350e+03   6.805079e+02
1.437064e+03   6.910797e+02
1.450334e+03   7.023468e+02
1.467454e+03   7.041941e+02
1.481314e+03   7.023510e+02
1.495605e+03   7.038352e+02
1.510117e+03   7.036029e+02
1.522777e+03   6.962793e+02
1.533479e+03   6.888095e+02
1.545557e+03   6.895300e+02
1.559201e+03   6.956889e+02
1.570552e+03   7.016932e+02
1.582406e+03   7.093525e+02
1.595209e+03   7.145616e+02
1.608521e+03   7.199244e+02
1.622523e+03   7.280137e+02
1.630132e+03   7.377062e+02
1.639057e+03   7.478964e+02
1.645793e+03   7.570637e+02
1.651250e+03   7.701357e+02
1.659097e+03   7.882334e+02
1.669296e+03   8.035782e+02
1.680028e+03   8.068102e+02
1.687989e+03   8.091292e+02
1.698083e+03   8.192016e+02
1.703510e+03   8.318096e+02
1.706211e+03   8.463740e+02
1.704440e+03   8.600317e+02
1.706270e+03   8.767337e+02
