9.606271e+02   6.729458e+02
9.621325e+02   6.709076e+02
9.644383e+02   6.678420e+02
9.655287e+02   6.645118e+02
9.668215e+02   6.565401e+02
9.603190e+02   6.491577e+02
9.370398e+02   6.504614e+02
9.105190e+02   6.669989e+02
8.796181e+02   6.809666e+02
8.437093e+02   6.930372e+02
8.194529e+02   7.157421e+02
8.086850e+02   7.463932e+02
8.092731e+02   7.758768e+02
8.054575e+02   8.036064e+02
8.154459e+02   8.361157e+02
8.508129e+02   8.502004e+02
8.808020e+02   8.484964e+02
9.101226e+02   8.482000e+02
9.389492e+02   8.344295e+02
969   8.361415e+02
9.951697e+02   8.539448e+02
1.020806e+03   8.724512e+02
1.042498e+03   8.984733e+02
1.064567e+03   9.226859e+02
1.087826e+03   9.435037e+02
1.109037e+03   9.750612e+02
1.131478e+03   1.001332e+03
1.161688e+03   9.963330e+02
1.172384e+03   9.604464e+02
1.180384e+03   9.263649e+02
1.182162e+03   8.908132e+02
1.182656e+03   8.568093e+02
1.179076e+03   8.198185e+02
1.162242e+03   7.900078e+02
1.136697e+03   7.667700e+02
1.103069e+03   7.460465e+02
1.071590e+03   7.212480e+02
1.055981e+03   6.849811e+02
1.060701e+03   6.505553e+02
1.061250e+03   6.115742e+02
1.066571e+03   5.728137e+02
1.077153e+03   5.352649e+02
1.086504e+03   4.994702e+02
1.109076e+03   4.703749e+02
1.144924e+03   4.581049e+02
1.165208e+03   4.741402e+02
1.180562e+03   4.994642e+02
1.186658e+03   5.315641e+02
1.191098e+03   5.639142e+02
1.208620e+03   5.887464e+02
1.234248e+03   6.055431e+02
1.250515e+03   6.270578e+02
1.248546e+03   6.565342e+02
1.241678e+03   6.912854e+02
1.235897e+03   7.213575e+02
1.221954e+03   7.457969e+02
1.206357e+03   7.678601e+02
1.196612e+03   7.915952e+02
1.187046e+03   8.157812e+02
1.174967e+03   8.441157e+02
1.152863e+03   8.625485e+02
1.133729e+03   8.787133e+02
1.116545e+03   8.986945e+02
1.099569e+03   9.196494e+02
1.079429e+03   9.395910e+02
1.064587e+03   9.651444e+02
1.066444e+03   9.937849e+02
1.066996e+03   1.021067e+03
1.053066e+03   1.046180e+03
1.026796e+03   1.065049e+03
1.003567e+03   1.085150e+03
9.961604e+02   1.111313e+03
9.823470e+02   1.136980e+03
9.729746e+02   1.162941e+03
9.828490e+02   1.186656e+03
1.008099e+03   1.194530e+03
1.035246e+03   1.199949e+03
1.061837e+03   1.193945e+03
1.088955e+03   1.176474e+03
1.117244e+03   1.166979e+03
1.145806e+03   1.164265e+03
1.170782e+03   1.166934e+03
1.190778e+03   1.173156e+03
1.211439e+03   1.166885e+03
1.232360e+03   1.157631e+03
1.253960e+03   1.153160e+03
