9.908435e+02   6.385481e+02
1.010639e+03   6.522309e+02
1.024798e+03   6.739306e+02
1.034693e+03   7.012841e+02
1.049393e+03   7.217505e+02
1.055785e+03   7.479678e+02
1.060551e+03   7.726348e+02
1.061535e+03   7.974628e+02
1.055269e+03   8.246205e+02
1.047510e+03   8.458319e+02
1.035128e+03   8.657286e+02
1.015642e+03   8.791188e+02
9.932645e+02   8.903306e+02
9.705946e+02   8.987678e+02
9.422895e+02   9.049710e+02
9.169919e+02   9.022934e+02
8.930208e+02   9.027174e+02
8.664225e+02   8.969982e+02
8.438189e+02   8.869768e+02
8.215173e+02   8.826204e+02
8.000170e+02   8.753787e+02
7.792323e+02   8.677240e+02
7.591579e+02   8.536062e+02
7.408925e+02   8.357343e+02
7.186525e+02   8.229187e+02
7.109219e+02   7.969859e+02
7.009829e+02   7.690995e+02
6.990874e+02   7.393600e+02
6.917574e+02   7.122914e+02
6.767925e+02   6.824850e+02
670.6655	651.2272
6.604328e+02   6.202831e+02
6.492196e+02   5.860482e+02
6.360644e+02   5.539739e+02
6.186991e+02   5.237093e+02
609.6738	493.3800
6.141466e+02   4.608542e+02
6.227116e+02   4.289387e+02
6.317170e+02   4.015000e+02
6.503489e+02   3.764269e+02
6.740064e+02   3.558171e+02
6.975461e+02   3.334549e+02
7.199974e+02   3.127627e+02
7.479491e+02   3.004133e+02
7.713589e+02   2.772718e+02
7.967273e+02   2.588594e+02
8.236532e+02   2.479622e+02
8.538355e+02   2.445172e+02
8.857525e+02   2.448311e+02
9.150363e+02   2.450121e+02
9.458123e+02   2.385019e+02
9.761807e+02   2.336087e+02
1.007845e+03   2.348636e+02
1.036831e+03   2.390108e+02
1.062397e+03   2.495740e+02
1.085721e+03   2.655037e+02
1.106008e+03   2.837215e+02
1.113543e+03   3.085936e+02
1.117427e+03   3.390632e+02
1.128321e+03   3.669621e+02
1.1389e+03	0.3890e+03
1.154213e+03   4.037834e+02
1.171746e+03   4.145772e+02
1.188628e+03   4.228466e+02
1.201351e+03   4.336250e+02
1.221900e+03   4.496897e+02
1.240182e+03   4.577579e+02
1.257134e+03   4.639056e+02
1.275412e+03   4.742820e+02
1.294967e+03   4.811987e+02
1.310365e+03   4.857512e+02
1.329447e+03   4.904398e+02
1.344536e+03   4.929175e+02
1.362656e+03   4.936477e+02
1.379200e+03   4.954501e+02
1.395502e+03   4.903962e+02
1.412195e+03   4.905332e+02
1.427877e+03   4.878070e+02
1.442518e+03   4.804657e+02
1.454141e+03   4.722477e+02
1.466678e+03   4.613864e+02
1.473735e+03   4.497354e+02
1.482825e+03   4.373139e+02
1.492478e+03   4.242047e+02
1.501420e+03   4.116224e+02
1.502853e+03   3.936425e+02
1.498105e+03   3.772384e+02
1.495692e+03   3.609033e+02
1.496821e+03   3.447474e+02
1.5035e+03	0.3302e+03
1.518147e+03   3.138459e+02
1.529659e+03   2.995135e+02
1.544731e+03   2.865258e+02
1.562343e+03   2.802095e+02
1.581539e+03   2.796948e+02
1.600112e+03   2.799831e+02
1.619508e+03   2.805218e+02
1.640554e+03   2.865944e+02
1.658352e+03   2.905450e+02
