9.530231e+02   6.553612e+02
9.411546e+02   6.433716e+02
9.276600e+02   6.309067e+02
9.050636e+02   6.160874e+02
8.892357e+02   5.952776e+02
8.711004e+02   5.738067e+02
8.461928e+02   5.497087e+02
8.211525e+02   5.285096e+02
7.950805e+02   5.089732e+02
7.672895e+02   4.899649e+02
735.7397	476.9946
7.073637e+02   4.621562e+02
6.887847e+02   4.353091e+02
6.821930e+02   4.068047e+02
6.703829e+02   3.786562e+02
6.514777e+02   3.526955e+02
6.331287e+02   3.280260e+02
6.141166e+02   3.068881e+02
5.953605e+02   2.823136e+02
5.794920e+02   2.596744e+02
5.596466e+02   2.393346e+02
5.386575e+02   2.230112e+02
5.142052e+02   2.091651e+02
473.9061	196.8096
4.555582e+02   2.052308e+02
4.253795e+02   2.049481e+02