9.588740e+02   6.568994e+02
9.432300e+02   6.535735e+02
9.275925e+02   6.484085e+02
9.149358e+02   6.435435e+02
8.969396e+02   6.343692e+02
8.750338e+02   6.221736e+02
8.532460e+02   6.051018e+02
8.300033e+02   5.875352e+02
8.087192e+02   5.765663e+02
7.870185e+02   5.659455e+02
7.627228e+02   5.627624e+02
7.377468e+02   5.610686e+02
7.150775e+02   5.617630e+02
6.946705e+02   5.574212e+02
6.732205e+02   5.564250e+02
6.488634e+02   5.551047e+02
6.276853e+02   5.574092e+02
6.078946e+02   5.593401e+02
5.895609e+02   5.631391e+02
5.740964e+02   5.714321e+02
5.618300e+02   5.854288e+02
5.496187e+02   6.007981e+02
5.482658e+02   6.178637e+02
5.436992e+02   6.341011e+02
5.385669e+02   6.536692e+02
5.293070e+02   6.679167e+02
5.192680e+02   6.818174e+02
5.147707e+02   6.963197e+02
5.166492e+02   7.174742e+02
5.129760e+02   7.392636e+02
5.174067e+02   7.594117e+02
5.256934e+02   7.798484e+02
5.381590e+02   7.986351e+02
5.598152e+02   8.057349e+02
5.831951e+02   8.039891e+02
6.046928e+02   7.982952e+02
6.276254e+02   7.939119e+02
6.506182e+02   7.873554e+02
6.666182e+02   7.769645e+02
6.786498e+02   7.576969e+02
6.886145e+02   7.401185e+02
6.944512e+02   7.185667e+02
6.915496e+02   7.003679e+02
6.822711e+02   6.845323e+02
6.674358e+02   6.700196e+02
6.530640e+02   6.551190e+02
6.431077e+02   6.366753e+02
6.302342e+02   6.198676e+02
6.173230e+02   6.020918e+02
6.021164e+02   5.867751e+02
5.864840e+02   5.700936e+02
5.663748e+02   5.564603e+02
5.488454e+02   5.425415e+02
5.340812e+02   5.266302e+02
5.203748e+02   5.088774e+02
5.121869e+02   4.906903e+02
5.034905e+02   4.684688e+02
4.931195e+02   4.479915e+02
4.861576e+02   4.264753e+02
4.821740e+02   4.065228e+02
4.752609e+02   3.863947e+02
4.663977e+02   3.656862e+02
4.536974e+02   3.479950e+02
4.384643e+02   3.322869e+02
4.244089e+02   3.127568e+02
4.129821e+02   2.963524e+02
3.998066e+02   2.802406e+02
3.863650e+02   2.619179e+02
3.758877e+02   2.464961e+02
3.687359e+02   2.293315e+02
