9.564995e+02   6.694378e+02
9.640262e+02   6.781038e+02
9.616718e+02   6.933437e+02
9.526599e+02   7.108333e+02
9.486757e+02   7.304773e+02
9.541353e+02   7.575343e+02
9.662925e+02   7.833100e+02
9.667149e+02   8.145967e+02
9.726718e+02   8.380552e+02
9.861083e+02   8.648315e+02
1.004084e+03   8.886356e+02
1.030628e+03   9.053870e+02
1.059149e+03   9.153120e+02
1.089912e+03   9.181910e+02
1.121374e+03   9.217778e+02
1.152537e+03   9.314491e+02
1.184584e+03   9.490105e+02
1.216776e+03   9.449750e+02
1.244141e+03   9.260558e+02
1.273107e+03   9.070673e+02
1.292032e+03   8.769318e+02
1.3057e+03	0.8461e+03
1.328410e+03   8.160341e+02
1.354377e+03   7.899099e+02
1.380127e+03   7.618193e+02
1.400393e+03   7.306140e+02
1.431397e+03   7.116823e+02
1.459113e+03   6.890200e+02
1.490762e+03   6.709779e+02
1.516775e+03   6.439913e+02
1.540139e+03   6.143797e+02
1.562535e+03   5.829703e+02
1.591072e+03   5.582012e+02
1.623255e+03   5.364502e+02
1.652750e+03   5.128126e+02
1.683104e+03   4.873829e+02
1.709428e+03   4.696882e+02
1.730884e+03   4.494735e+02
