9.209613e+02   6.569460e+02
8.977395e+02   6.605866e+02
8.688606e+02   6.690264e+02
8.394572e+02   6.789414e+02
8.079099e+02   6.926282e+02
7.744819e+02   6.982392e+02
7.392461e+02   6.908204e+02
7.080208e+02   6.894039e+02
6.744895e+02   6.821771e+02
6.392719e+02   6.773518e+02
6.153131e+02   6.545146e+02
6.011867e+02   6.239359e+02
5.950497e+02   5.897797e+02
5.763949e+02   5.680128e+02
5.586417e+02   5.408708e+02
5.280512e+02   5.297001e+02
4.966388e+02   5.357461e+02
4.661832e+02   5.567288e+02
4.455445e+02   5.855230e+02
4.422098e+02   6.223286e+02
4.326588e+02   6.527207e+02
4.186893e+02   6.843471e+02
4.105255e+02   7.124255e+02
4.222996e+02   7.387240e+02
4.405246e+02   7.744980e+02
4.550510e+02   8.079265e+02
4.728043e+02   8.428362e+02
4.802375e+02   8.776237e+02
4.893831e+02   9.125682e+02
4.992649e+02   9.448299e+02
5.177762e+02   9.729981e+02
5.462309e+02   9.955974e+02
5.696670e+02   1.017464e+03
5.908332e+02   1.040877e+03
6.141069e+02   1.064556e+03
6.269004e+02   1.098610e+03
6.291377e+02   1.131964e+03
6.146278e+02   1.162821e+03
5.999933e+02   1.186746e+03
5.748032e+02   1.204910e+03
5.470323e+02   1.209965e+03
5.182604e+02   1.206685e+03
4.864554e+02   1.209819e+03
4.572528e+02   1.216341e+03
4.316664e+02   1.216094e+03
4.022250e+02   1.202983e+03
3.754069e+02   1.193903e+03
3.474172e+02   1.192100e+03
