9.364647e+02   6.492147e+02
9.367436e+02   6.489477e+02
9.360406e+02   6.500822e+02
9.343333e+02   6.533746e+02
9.278700e+02   6.619238e+02
9.210879e+02   6.665440e+02
9.109678e+02   6.689698e+02
8.949153e+02   6.709783e+02
8.789127e+02   6.703735e+02
8.619644e+02   6.652006e+02
8.501208e+02   6.559063e+02
8.465613e+02   6.400844e+02
8.540094e+02   6.269028e+02
8.739317e+02   6.231072e+02
8.887868e+02   6.174835e+02
9.056569e+02   6.013149e+02
9.258543e+02   5.974341e+02
9.435042e+02   5.966639e+02
9.692135e+02   5.967844e+02
9.923906e+02   5.966279e+02
1.014626e+03   6.056600e+02
1.043986e+03   6.231762e+02
1.069814e+03   6.290096e+02
1.094862e+03   6.369193e+02
1.109335e+03   6.623405e+02
1.125590e+03   6.869758e+02
1.137385e+03   7.155302e+02
1.137215e+03   7.395971e+02
1.124644e+03   7.460417e+02
1.120141e+03   7.461246e+02
1.104349e+03   7.495010e+02
1.085418e+03   7.362505e+02
1.069871e+03   7.141193e+02
1.054157e+03   6.950208e+02
1.028913e+03   6.765091e+02
1.002769e+03   6.664263e+02
9.731932e+02   6.674900e+02
9.527366e+02   6.668787e+02
9.269541e+02   6.589880e+02
9.044362e+02   6.377731e+02
8.890416e+02   6.205630e+02
8.647234e+02   6.007623e+02
8.344694e+02   5.877109e+02
8.062005e+02   5.880332e+02
7.822763e+02   6.034029e+02
7.682597e+02   6.223610e+02
7.588957e+02   6.466667e+02
7.586276e+02   6.727158e+02
7.690019e+02   6.963039e+02
7.896134e+02   7.035326e+02
8.109232e+02   7.004754e+02
8.335714e+02   7.001287e+02
8.580765e+02   6.968288e+02
8.887737e+02   6.912935e+02
9.125938e+02   7.005581e+02
9.337192e+02   7.019786e+02
9.556626e+02   6.881239e+02
9.664172e+02   6.657699e+02
9.805548e+02   6.379110e+02
9.923456e+02   6.060956e+02
1.000465e+03   5.718150e+02
1.006389e+03   5.476363e+02
1.003224e+03   5.172696e+02
9.925684e+02   4.892398e+02
9.717702e+02   4.702078e+02
9.444966e+02   4.601667e+02
9.134406e+02   4.574312e+02
8.779758e+02   4.564202e+02
8.444463e+02   4.530785e+02
8.174661e+02   4.518303e+02
7.956203e+02   4.551171e+02
7.668103e+02   4.479569e+02
7.423866e+02   4.450711e+02
7.223131e+02   4.348624e+02
6.977410e+02   4.266850e+02
6.728075e+02   4.226180e+02
6.471107e+02   4.254771e+02
6.191909e+02   4.220113e+02
5.926248e+02   4.167817e+02
5.696697e+02   4.115611e+02
5.466542e+02   4.110849e+02
5.269289e+02   4.039096e+02
5.081002e+02   3.936617e+02
4.860335e+02   3.888960e+02
4.635444e+02   3.804470e+02
4.389494e+02   3.762378e+02
4.192988e+02   3.734930e+02
3.938360e+02   3.752136e+02
3.721111e+02   3.733326e+02
3.480438e+02   3.614288e+02
3.256625e+02   3.497851e+02
3.066447e+02   3.319342e+02
