957.9951	642.1493
9.681650e+02   6.428583e+02
9.771298e+02   6.427767e+02
9.868978e+02   6.442775e+02
9.941564e+02   6.476331e+02
9.922116e+02   6.459893e+02
9.811240e+02   6.478404e+02
9.669791e+02   6.480109e+02
9.535313e+02   6.473605e+02
9.405409e+02   6.424823e+02
9.322253e+02   6.370510e+02
9.237616e+02   6.293452e+02
9.174771e+02   6.192723e+02
912.7346	604.2351
9.102816e+02   5.838745e+02
9.072335e+02   5.637109e+02
8.966950e+02   5.504618e+02
8.797067e+02   5.401885e+02
8.590649e+02   5.347485e+02
8.415244e+02   5.267291e+02
8.200131e+02   5.227087e+02
797.6381	522.0740
775.9947	516.9296
7.564275e+02   5.074884e+02
7.376689e+02   5.041636e+02
7.189719e+02   5.026927e+02
7.047093e+02   4.974765e+02
6.874607e+02   4.873114e+02
6.851802e+02   4.686246e+02
6.862320e+02   4.507662e+02
6.740999e+02   4.381379e+02
6.657537e+02   4.256971e+02
6.685058e+02   4.077002e+02
6.718073e+02   3.891135e+02
6.572660e+02   3.767929e+02
6.417897e+02   3.676327e+02
6.436393e+02   3.504613e+02
6.449837e+02   3.319519e+02
634.9126	317.0697
6.173746e+02   3.108269e+02
6.005340e+02   3.059927e+02
6.010100e+02   2.885005e+02
5.978167e+02   2.725019e+02
5.901963e+02   2.617585e+02
5.959074e+02   2.469701e+02
5.964119e+02   2.310777e+02
5.946420e+02   2.140487e+02
5.874439e+02   1.994970e+02
5.783529e+02   1.865345e+02
5.682807e+02   1.748110e+02
5.634987e+02   1.594873e+02
571.7817	142.2360
5.745570e+02   1.253949e+02
5.703231e+02   1.079154e+02
5.622783e+02   9.031435e+01
