9.734835e+02   6.849736e+02
9.882593e+02   6.844947e+02
1.008227e+03   6.733592e+02
1.028164e+03   6.633290e+02
1.039216e+03   6.442494e+02
1.057020e+03   6.260693e+02
1.078829e+03   6.110149e+02
1.094995e+03   5.977146e+02
1.115549e+03   5.888902e+02
1.133183e+03   5.725421e+02
1.148265e+03   5.557045e+02
1.163268e+03   5.382162e+02
1.170200e+03   5.127089e+02
1.184710e+03   4.938228e+02
1.199918e+03   4.805212e+02
1.223238e+03   4.712878e+02
1.251068e+03   4.738696e+02
1.275737e+03   4.829679e+02
1.303475e+03   4.875960e+02
1.327753e+03   4.852877e+02
1.347617e+03   4.774637e+02
1.368854e+03   4.680038e+02
1.391782e+03   4.701177e+02
1.412261e+03   4.853806e+02
1.434468e+03   4.919025e+02
1.459346e+03   4.968583e+02
1.480364e+03   5.035239e+02
1.500823e+03   5.060048e+02
1.513947e+03   4.993041e+02
1.528717e+03   4.940999e+02
1.548492e+03   4.914287e+02
1.567727e+03   5.010583e+02
1.576970e+03   5.174279e+02
1.588049e+03   5.344621e+02
1.595077e+03   5.519423e+02
1.599143e+03   5.702016e+02
1.604172e+03   5.887756e+02
1.611599e+03   6.017938e+02
1.626223e+03   6.137794e+02
1.641190e+03   6.257652e+02
1.657034e+03   6.331140e+02
1.674181e+03   6.398866e+02
1.691260e+03   6.469266e+02
1.706691e+03   6.564539e+02
1.721194e+03   6.648375e+02
1.738763e+03   6.747229e+02
1.755545e+03   6.827263e+02
