9.268571e+02   6.549293e+02
9.355040e+02   6.472440e+02
9.520083e+02   6.387003e+02
9.707702e+02   6.370213e+02
9.902184e+02   6.322766e+02
1.009450e+03   6.322188e+02
1.027875e+03   6.376175e+02
1.043949e+03   6.414099e+02
1.055220e+03   6.520512e+02
1.061285e+03   6.720215e+02
1.066910e+03   6.909499e+02
1.081820e+03   7.016984e+02
1.088089e+03   7.208919e+02
1.097719e+03   7.400869e+02
1.116191e+03   7.537864e+02
1.135900e+03   7.650296e+02
1.1592e+03	0.7692e+03
1.180047e+03   7.680376e+02
1.200837e+03   7.669064e+02
1.222869e+03   7.617503e+02
1.243010e+03   762
1.264345e+03   7.570827e+02
1.285754e+03   7.518631e+02
1.305436e+03   7.425967e+02
1.327267e+03   7.395055e+02
1.349463e+03   7.426918e+02
1.373648e+03   7.461663e+02
1.397845e+03   7.474002e+02
1.416875e+03   7.439556e+02
1.437040e+03   7.406360e+02
1.455653e+03   7.362543e+02
1.476836e+03   7.423967e+02
1.501086e+03   7.512194e+02
1.518823e+03   7.602920e+02
1.537132e+03   7.709527e+02
1.554635e+03   7.869617e+02
1.569655e+03   8.021183e+02
1.590627e+03   8.131656e+02
1.608999e+03   8.241851e+02
1.627677e+03   8.300853e+02
1.649992e+03   8.386931e+02
1.671397e+03   8.496154e+02
1.694858e+03   8.544097e+02
1.719791e+03   8.583924e+02
1.738573e+03   8.549544e+02
