9.122054e+02   6.655769e+02
9.043097e+02   6.650780e+02
8.861152e+02   6.694128e+02
8.641775e+02   6.792723e+02
8.375261e+02   6.850193e+02
8.130658e+02   6.991331e+02
8.082294e+02   7.339191e+02
8.326401e+02   7.499068e+02
8.599164e+02   7.355908e+02
8.883886e+02   7.166484e+02
9.195028e+02   7.204169e+02
9.444813e+02   7.007724e+02
9.538175e+02   6.670956e+02
9.631949e+02   6.346781e+02
9.654699e+02   6.007947e+02
9.522209e+02   5.687592e+02
9.378223e+02   5.340153e+02
9.293629e+02   5.021302e+02
9.157527e+02   4.710695e+02
9.030432e+02   4.412342e+02
9.264461e+02   4.187088e+02
9.574273e+02   4.086168e+02
9.843662e+02   3.967397e+02
1.006567e+03   3.792759e+02
1.037956e+03   3.745909e+02
1.048856e+03   3.458980e+02
1.042344e+03   3.159857e+02
1.021983e+03   2.882667e+02
9.985829e+02   2.632434e+02
9.708175e+02   2.475148e+02
9.398327e+02   2.312993e+02
9.179161e+02   2.088409e+02
9.147476e+02   1.763483e+02
9.141762e+02   1.476219e+02
9.035083e+02   1.204371e+02
8.920024e+02   9.499682e+01
8.950836e+02   6.854459e+01
9.035484e+02   4.045238e+01
