9.521329e+02   6.771227e+02
9.452321e+02   6.548953e+02
9.349771e+02   6.420873e+02
9.350093e+02   6.199565e+02
9.349807e+02   5.976704e+02
9.110696e+02   5.957851e+02
8.910511e+02   6.078800e+02
8.834478e+02   6.287741e+02
8.861487e+02   6.540662e+02
8.878536e+02   6.779081e+02
8.822593e+02   6.995419e+02
8.661542e+02   7.203526e+02
8.442503e+02   7.336674e+02
8.216708e+02   7.421335e+02
8.013439e+02   7.542701e+02
7.790954e+02   7.534384e+02
7.539946e+02   7.574278e+02
7.305454e+02   7.652976e+02
7.085185e+02   7.796065e+02
6.964433e+02   7.999433e+02
6.991197e+02   8.250925e+02
7.101860e+02   8.465486e+02
7.340076e+02   8.631568e+02
7.611857e+02   8.680651e+02
7.863414e+02   8.571251e+02
8.027073e+02   8.361382e+02
8.112437e+02   8.133119e+02
8.149589e+02   7.863330e+02
8.117620e+02   7.586663e+02
8.111769e+02   7.290044e+02
8.201694e+02   7.080789e+02
8.154598e+02   6.823749e+02
8.033652e+02   6.595688e+02
7.885262e+02   6.408843e+02
7.692104e+02   6.215071e+02
7.479780e+02   6.127413e+02
7.253068e+02   6.039720e+02
6.976024e+02   6.011058e+02
6.766160e+02   5.987199e+02
6.506417e+02   6.068672e+02
6.278677e+02   6.101132e+02
6.105201e+02   6.139420e+02
5.908406e+02   6.174171e+02
5.709739e+02   6.234804e+02
5.493690e+02   6.315444e+02
5.362175e+02   6.434161e+02
5.279133e+02   6.591434e+02
5.193840e+02   6.748287e+02
5.134295e+02   6.958265e+02
5.027538e+02   7.114171e+02
4.842452e+02   7.243694e+02
4.692685e+02   7.398578e+02
4.519802e+02   7.465946e+02
4.426038e+02   7.565879e+02
4.420750e+02   7.783099e+02
4.558866e+02   7.984272e+02
4.710739e+02   8.168303e+02
4.862309e+02   8.274598e+02
5.008942e+02   8.427033e+02
5.045829e+02   8.646077e+02
5.008982e+02   8.873646e+02
4.910552e+02   9.081941e+02
4.835054e+02   9.275994e+02
4.707960e+02   9.420366e+02
4.595034e+02   9.530681e+02
4.409845e+02   9.601883e+02
4.176113e+02   9.615042e+02
4.003898e+02   9.662561e+02
3.892257e+02   9.883660e+02
3.926105e+02   1.010599e+03
4.061309e+02   1.026307e+03
4.109702e+02   1.042499e+03
4.002485e+02   1.059203e+03
4.028707e+02   1.081169e+03
4.013983e+02   1.096988e+03
3.950612e+02   1.116992e+03
3.934097e+02   1.136696e+03
3.787253e+02   1.151950e+03
3.539133e+02   1.150075e+03
3.316538e+02   1.161091e+03
