9.667265e+02   6.520123e+02
9.657570e+02   6.438952e+02
961   6.320844e+02
9.572055e+02   6.128430e+02
9.547350e+02   5.913933e+02
9.515158e+02   5.710430e+02
9.454766e+02   5.504126e+02
9.461317e+02   5.294376e+02
9.507765e+02   5.079441e+02
9.605241e+02   4.869897e+02
9.669222e+02   4.680372e+02
9.710551e+02   4.453744e+02
9.748888e+02   4.225347e+02
9.700156e+02   4.014330e+02
9.567159e+02   3.821834e+02
9.370422e+02   3.703100e+02
9.205375e+02   3.549150e+02
9.040442e+02   3.376535e+02
8.781244e+02   3.306900e+02
8.523297e+02   3.298434e+02
8.305978e+02   3.215549e+02
8.042643e+02   3.271316e+02
7.763178e+02   3.281589e+02
7.541679e+02   3.413064e+02
7.326295e+02   3.498095e+02
7.101934e+02   3.377304e+02
6.840352e+02   3.380768e+02
6.574558e+02   3.243131e+02
6.411469e+02   3.030281e+02
6.293761e+02   2.790572e+02
6.337768e+02   2.515263e+02
6.588247e+02   2.403177e+02
6.877658e+02   2.463716e+02
7.160145e+02   2.472558e+02
7.417628e+02   2.445311e+02
7.627179e+02   2.528639e+02
7.825339e+02   2.627747e+02
7.985413e+02   2.752186e+02
8.066911e+02   2.979956e+02
8.115217e+02   3.198379e+02
8.185814e+02   3.421158e+02
8.203959e+02   3.640796e+02
8.176500e+02   3.819547e+02
8.103907e+02   4.044598e+02
8.109653e+02   4.274826e+02
8.229966e+02   4.498149e+02
8.294248e+02   4.741712e+02
8.450819e+02   4.922615e+02
8.730365e+02   4.949258e+02
8.993684e+02   4.862441e+02
9.152707e+02   4.704454e+02
9.269695e+02   4.497980e+02
9.424108e+02   4.347707e+02
9.550202e+02   4.161859e+02
9.667192e+02   3.968098e+02
9.767217e+02   3.772138e+02
9.859474e+02   3.577895e+02
9.889810e+02   3.349306e+02
9.899396e+02   3.091678e+02
9.914292e+02   2.887712e+02
9.935469e+02   2.642870e+02
9.895613e+02   2.414497e+02
9.734656e+02   2.230754e+02
9.584414e+02   2.078554e+02
9.435624e+02   1.895956e+02
9.403653e+02   1.687528e+02
9.401180e+02   1.467468e+02
9.236433e+02   1.281911e+02
9.106898e+02   1.157615e+02
9.073284e+02   9.195488e+01
8.954346e+02   7.416963e+01
8.880859e+02   5.341246e+01
8.826840e+02   3.252703e+01
