9.395014e+02   6.721996e+02
9.278941e+02   7.006635e+02
9.200336e+02   7.296342e+02
9.144059e+02   7.564214e+02
9.167345e+02   7.822035e+02
9.229856e+02   8.055104e+02
9.270547e+02   8.322518e+02
9.337468e+02   8.516615e+02
9.395613e+02   8.709424e+02
9.435752e+02   8.906526e+02
9.490808e+02   9.166028e+02
9.532502e+02   9.363789e+02
9.534338e+02   9.571699e+02
9.492500e+02   9.762201e+02
9.509389e+02   9.953558e+02
9.609333e+02   1.013781e+03
9.631913e+02   1.030627e+03
0.9617e+03	1.0514e+03
0.9627e+03	1.0726e+03
9.716315e+02   1.093175e+03
9.827597e+02   1.106911e+03
9.909638e+02   1.125550e+03
9.969148e+02   1.143535e+03
1.006657e+03   1.159842e+03
1.018611e+03   1.174882e+03
1.031966e+03   1.185794e+03
1.047811e+03   1.198383e+03
1.064064e+03   1.205222e+03
1.082457e+03   1.206060e+03
1.099393e+03   1.203997e+03
1.114234e+03   1.205076e+03
1.129582e+03   1.208348e+03
1.146259e+03   1.207059e+03
1.162090e+03   1.200516e+03
1.170877e+03   1.186363e+03
1.180538e+03   1.171660e+03
1.191901e+03   1.160258e+03
1.2050e+03	1.1506e+03
1.216076e+03   1.134860e+03
1.229369e+03   1.128736e+03
1.244505e+03   1.121622e+03
1.254399e+03   1.103731e+03
1.257554e+03   1.085738e+03
1.263060e+03   1.066309e+03
1.271165e+03   1.054360e+03
1.281217e+03   1.036834e+03
1.287178e+03   1.016890e+03
1.292473e+03   1.002376e+03
1.300731e+03   9.926614e+02
1.307868e+03   9.854724e+02
1.313060e+03   9.750032e+02
1.3202e+03	0.9631e+03
1.328978e+03   9.488273e+02
1.339817e+03   9.396254e+02
1.345913e+03   9.319720e+02
1.355604e+03   9.240134e+02
1.367354e+03   9.254714e+02
1.377540e+03   9.326997e+02
1.389313e+03   9.407931e+02
1.401310e+03   9.504510e+02
1.411229e+03   9.598565e+02
1.425269e+03   9.651455e+02
1.440432e+03   9.727887e+02
1.454324e+03   9.794310e+02
1.469114e+03   9.854394e+02
1.484346e+03   9.900686e+02
1.504263e+03   9.926506e+02
1.522175e+03   1.005370e+03
1.535072e+03   1.021785e+03
1.542104e+03   1.037324e+03
1.544754e+03   1.057028e+03
1.543130e+03   1.080946e+03
1.546282e+03   1.103261e+03
1.552613e+03   1.123525e+03
1.548762e+03   1.142636e+03
1.537494e+03   1.163197e+03
1.525757e+03   1.180437e+03
1.515274e+03   1.198417e+03
1.5133e+03	1.2185e+03
1.509465e+03   1.236194e+03
1.510001e+03   1.256602e+03
