9.198510e+02   6.352067e+02
9.191802e+02   6.348819e+02
9.192747e+02   6.378910e+02
9.200360e+02   6.394270e+02
9.197446e+02   6.399250e+02
9.203634e+02   6.399810e+02
9.207520e+02   6.396986e+02
9.210704e+02   6.398026e+02
9.215069e+02   6.399208e+02
9.220093e+02   6.400694e+02
9.217568e+02   6.401427e+02
9.220670e+02   6.398280e+02
9.229153e+02   6.401477e+02
9.241578e+02   6.403980e+02
9.262841e+02   6.410287e+02
9.296751e+02   6.419666e+02
9.345878e+02   6.437604e+02
9.385835e+02   6.442576e+02
9.460991e+02   6.469234e+02
9.530989e+02   6.500041e+02
9.592146e+02   6.536923e+02
9.668951e+02   6.563431e+02
9.751843e+02   6.633585e+02
9.824822e+02   6.700901e+02
9.870081e+02   6.740335e+02
9.878524e+02   6.733191e+02
9.906228e+02   6.712477e+02
9.964281e+02   6.706569e+02
9.986870e+02   6.741623e+02
1.002900e+03   6.817607e+02
1.006541e+03   6.910380e+02
1.007406e+03   7.009887e+02
1.000824e+03   7.093726e+02
9.944488e+02   7.215215e+02
9.858172e+02   7.349192e+02
9.769837e+02   7.501578e+02
9.709570e+02   7.648060e+02
9.654198e+02   7.796375e+02
9.609773e+02   7.879545e+02
9.581480e+02   8.172864e+02
