9.347360e+02   6.376073e+02
9.360399e+02   6.334368e+02
9.378972e+02   6.272725e+02
9.409157e+02   6.239118e+02
9.526509e+02   6.221777e+02
9.674756e+02   6.232506e+02
9.818070e+02   6.201316e+02
9.958890e+02   6.215146e+02
1.009898e+03   6.319488e+02
1.018732e+03   6.443054e+02
1.027670e+03   6.577400e+02
1.038304e+03   6.657136e+02
1.045991e+03   6.775107e+02
1.045539e+03   6.904187e+02
1.040286e+03   7.011482e+02
1.031847e+03   7.159659e+02
1.023083e+03   7.251543e+02
1.007270e+03   7.315839e+02
9.925782e+02   7.319011e+02
9.815492e+02   7.294346e+02
9.674175e+02   7.257803e+02
9.509237e+02   7.253742e+02
9.368776e+02   7.219474e+02
9.216720e+02   7.182364e+02
9.068603e+02   7.144302e+02
8.933154e+02   7.120244e+02
8.789240e+02   7.118999e+02
8.661444e+02   7.110146e+02
8.560856e+02   6.999566e+02
8.483409e+02   6.879208e+02
8.448429e+02   6.707880e+02
8.430507e+02   6.613837e+02
8.467643e+02   6.506933e+02
8.502218e+02   6.502130e+02
8.571468e+02   6.424481e+02
8.633296e+02   6.372959e+02
8.645801e+02   6.320891e+02
8.638144e+02   6.246983e+02
8.632549e+02   6.167775e+02
8.593858e+02   6.023618e+02
8.572912e+02   5.924842e+02
8.601813e+02   5.939965e+02
8.602215e+02   5.921048e+02
8.632715e+02   5.878804e+02
8.642453e+02   5.824786e+02
8.647619e+02   5.827632e+02
8.689227e+02   5.804794e+02
8.677945e+02   5.797443e+02
8.669704e+02   5.810720e+02
8.660579e+02   5.825937e+02
8.653590e+02   5.833962e+02
8.638938e+02   5.826477e+02
8.660338e+02   5.862452e+02
8.667684e+02   5.949845e+02
8.667379e+02   6.145172e+02
8.672829e+02   6.201024e+02
8.689757e+02   6.274355e+02
8.708378e+02   6.358595e+02
8.713472e+02   6.451641e+02
8.667401e+02   6.524335e+02
8.661577e+02   6.620603e+02
8.674652e+02   6.728724e+02
8.686448e+02   6.836064e+02
8.684653e+02   6.938886e+02
8.703799e+02   7.009708e+02
8.722130e+02   7.056640e+02
8.692196e+02   7.084141e+02
8.664533e+02   7.101515e+02
8.637766e+02   7.129718e+02
8.606593e+02   7.172448e+02
8.572763e+02   7.200784e+02
8.580138e+02   7.224158e+02
8.592472e+02   7.238419e+02
8.574438e+02   7.294837e+02
8.574728e+02   7.334766e+02
8.568116e+02   7.408445e+02
8.604152e+02   7.522606e+02
8.633977e+02   7.592929e+02
8.635466e+02   7.623738e+02
8.621343e+02   7.640784e+02
8.595785e+02   7.635759e+02
8.553790e+02   7.691926e+02
8.567277e+02   7.782396e+02
8.579734e+02   7.829298e+02
8.580568e+02   7.935183e+02
8.578587e+02   8.003564e+02
8.560546e+02   8.092291e+02
8.559359e+02   8.158051e+02
8.558997e+02   8.305569e+02
8.585879e+02   8.381555e+02
8.664631e+02   8.467654e+02
8.742482e+02   8.549173e+02
8.838374e+02   8.636907e+02
8.954642e+02   8.726695e+02
9.086964e+02   8.790345e+02
9.208193e+02   8.808145e+02
9.331437e+02   8.830246e+02
9.451274e+02   8.897272e+02
9.565457e+02   8.929567e+02
9.722485e+02   8.974958e+02
9.839013e+02   8.966088e+02
9.952331e+02   8.973200e+02
1.004989e+03   8.992178e+02
1.013066e+03   9.047503e+02
1.020847e+03   9.130522e+02
1.026193e+03   9.216511e+02
1.034955e+03   9.262739e+02
1.040697e+03   9.395018e+02
1.036889e+03   9.541998e+02
1.032072e+03   9.591122e+02
1.023068e+03   9.655899e+02
1.016550e+03   9.716038e+02
1.007668e+03   9.803890e+02
9.926393e+02   9.850601e+02
9.800749e+02   9.885482e+02
9.689704e+02   1.003066e+03
9.665738e+02   1.016899e+03
9.576083e+02   1.027290e+03
9.544028e+02   1.039262e+03
9.501806e+02   1.047525e+03
9.450707e+02   1.058380e+03
9.425744e+02   1.070330e+03
9.427561e+02   1.084223e+03
9.419765e+02   1.096056e+03
9.381119e+02   1.106583e+03
9.326948e+02   1.114856e+03
9.255714e+02   1.122713e+03
9.175215e+02   1.131300e+03
9.136267e+02   1.143864e+03
9.102111e+02   1.154499e+03
9.015915e+02   1.167425e+03
8.909933e+02   1.175035e+03
8.812033e+02   1.183364e+03
8.677382e+02   1.192074e+03
8.549151e+02   1.196409e+03
8.420209e+02   1.197319e+03
8.301137e+02   1.201549e+03
8.184756e+02   1.207022e+03
8.085005e+02   1.210620e+03
7.997774e+02   1.218272e+03
7.906872e+02   1.226009e+03
7.810240e+02   1.231596e+03
7.665462e+02   1.230239e+03
7.527814e+02   1.226343e+03
7.409575e+02   1.223052e+03
7.327100e+02   1.222080e+03
7.227275e+02   1.218401e+03
7.128548e+02   1.218650e+03
7.048457e+02   1.219345e+03
6.948469e+02   1.217340e+03
6.837219e+02   1.213663e+03
6.741008e+02   1.204544e+03
6.640560e+02   1.192348e+03
6.558242e+02   1.180949e+03
6.482330e+02   1.170216e+03
6.410317e+02   1.163760e+03
6.365403e+02   1.159407e+03
6.307088e+02   1.155500e+03
6.279003e+02   1.148327e+03
6.244357e+02   1.142632e+03
6.197571e+02   1.130049e+03
6.208848e+02   1.119857e+03
6.207326e+02   1.109813e+03
6.178402e+02   1.100082e+03
6.138957e+02   1.091685e+03
6.134675e+02   1.082472e+03
6.139249e+02   1.073717e+03
6.130124e+02   1.066493e+03
6.102966e+02   1.059424e+03
6.073938e+02   1.055103e+03
6.090282e+02   1.049069e+03
6.126348e+02   1.042165e+03
6.139637e+02   1.033068e+03
6.149989e+02   1.026115e+03
6.166779e+02   1.016023e+03
6.199045e+02   1.006026e+03
6.207568e+02   9.973243e+02
6.196011e+02   9.888358e+02
6.179089e+02   9.814737e+02
6.161567e+02   9.732900e+02
6.159035e+02   9.639989e+02
6.163483e+02   9.561496e+02
6.160914e+02   9.489215e+02
6.153940e+02   9.427827e+02
6.174817e+02   9.337054e+02
6.188274e+02   9.302522e+02
6.199933e+02   9.255595e+02
6.219486e+02   9.214814e+02
6.222663e+02   9.149878e+02
6.222849e+02   9.080333e+02
6.225450e+02   9.013250e+02
6.249482e+02   8.950452e+02
6.255093e+02   8.905834e+02
6.281033e+02   8.855109e+02
6.290538e+02   8.794360e+02
6.297395e+02   8.715765e+02
6.329901e+02   8.658091e+02
6.360099e+02   8.610938e+02
6.423303e+02   8.566879e+02
6.479588e+02   8.523604e+02
6.525678e+02   8.472834e+02
6.574082e+02   8.448584e+02
6.671883e+02   8.441342e+02
6.756973e+02   8.417438e+02
6.829609e+02   8.382291e+02
6.924025e+02   8.345215e+02
7.006406e+02   8.304433e+02
7.085792e+02   8.302556e+02
7.145771e+02   8.307075e+02
