9.557871e+02   6.717210e+02
9.433527e+02   6.621349e+02
9.246115e+02   6.591527e+02
9.065988e+02   6.673677e+02
8.880301e+02   6.803141e+02
8.748780e+02   6.946393e+02
8.726189e+02   7.068973e+02
8.793448e+02   7.180431e+02
8.844745e+02   7.287355e+02
8.966974e+02   7.381267e+02
9.107658e+02   7.431910e+02
9.259496e+02   7.441664e+02
9.449441e+02   7.404301e+02
9.616838e+02   7.358955e+02
9.744415e+02   7.300881e+02
9.927799e+02   7.231711e+02
1.010600e+03   7.137404e+02
1.023456e+03   7.018363e+02
1.039871e+03   6.905386e+02
1.057737e+03   6.824758e+02
1.074331e+03   6.790339e+02
1.093158e+03   6.742429e+02
1.109996e+03   6.654026e+02
1.124587e+03   6.564467e+02
1.141047e+03   6.428079e+02
1.158866e+03   6.263490e+02
1.174676e+03   6.089138e+02
1.172428e+03   5.880279e+02
1.158085e+03   5.669313e+02
1.138318e+03   5.531530e+02
1.121003e+03   5.386298e+02
1.097244e+03   5.237550e+02
1.068619e+03   5.194524e+02
1.042568e+03   5.138952e+02
1.015544e+03   5.181764e+02
9.916319e+02   5.270644e+02
9.686457e+02   5.403919e+02
9.534596e+02   5.558860e+02
9.438088e+02   5.760663e+02
9.415456e+02   5.988916e+02
9.490244e+02   6.179878e+02
9.552838e+02   6.363672e+02
9.661278e+02   6.529604e+02
9.846843e+02   6.683325e+02
1.001470e+03   6.812275e+02
1.019330e+03   6.954215e+02
1.035402e+03   7.057172e+02
1.052003e+03   7.193899e+02
1.069743e+03   7.235361e+02
1.086344e+03   7.149074e+02
1.100961e+03   7.077738e+02
1.114523e+03   7.034127e+02
1.132477e+03   7.024376e+02
1.145663e+03   6.978090e+02
1.158141e+03   6.907269e+02
1.167579e+03   6.785820e+02
1.180511e+03   6.656995e+02
1.191673e+03   6.560946e+02
1.204187e+03   6.498276e+02
1.219630e+03   6.408856e+02
1.230817e+03   6.300794e+02
1.240095e+03   6.190207e+02
1.254233e+03   6.081538e+02
1.270472e+03   5.982609e+02
1.281248e+03   5.861088e+02
1.293151e+03   5.729452e+02
1.304346e+03   5.587538e+02
1.315211e+03   5.503138e+02
1.327201e+03   5.399198e+02
1.339217e+03   5.297688e+02
1.353142e+03   5.231448e+02
1.365019e+03   5.121971e+02
1.373078e+03   5.036007e+02
1.382531e+03   4.943130e+02
1.392860e+03   4.866596e+02
1.407365e+03   4.815076e+02
1.414832e+03   4.802963e+02
1.420930e+03   4.793655e+02
1.429985e+03   4.746142e+02
1.441479e+03   4.690975e+02
1.453096e+03   4.653107e+02
1.465127e+03   4.600427e+02
1.477837e+03   4.578457e+02
1.491870e+03   4.544711e+02
1.502542e+03   4.501896e+02
1.513601e+03   4.481173e+02
1.526210e+03   4.409092e+02
1.534502e+03   4.259270e+02
1.542108e+03   4.108908e+02
1.549419e+03   3.997848e+02
1.553774e+03   3.867762e+02
1.558437e+03   3.752406e+02
1.562017e+03   3.631061e+02
1.568532e+03   3.478472e+02
1.574433e+03   3.345211e+02
1.570477e+03   3.169219e+02
1.564219e+03   3.008457e+02
1.554443e+03   2.861604e+02
1.540661e+03   2.739312e+02
1.529249e+03   2.629710e+02
1.517014e+03   2.455423e+02
1.515025e+03   2.307648e+02
1.509651e+03   2.160213e+02
1.496782e+03   2.033418e+02
1.482008e+03   1.905168e+02
1.466406e+03   1.830760e+02
1.449745e+03   1.801701e+02
1.433233e+03   1.751895e+02
1.418287e+03   1.669452e+02
1.398543e+03   1.653968e+02
1.378184e+03   1.686400e+02
1.362617e+03   1.762392e+02
1.348508e+03   1.849653e+02
1.334324e+03   1.979710e+02
1.327870e+03   2.098562e+02
1.324370e+03   2.253167e+02
1.320552e+03   2.437081e+02
1.320357e+03   2.599464e+02
1.332467e+03   2.766593e+02
1.344030e+03   2.886872e+02
1.357153e+03   2.980143e+02
1.369445e+03   3.063613e+02
1.381665e+03   3.133662e+02
1.392525e+03   3.137227e+02
1.403962e+03   3.096700e+02
1.415036e+03   3.042921e+02
1.425046e+03   2.986579e+02
1.434625e+03   2.937300e+02
1.444470e+03   2.868960e+02
1.452114e+03   2.795096e+02
1.464646e+03   2.738443e+02
1.476848e+03   2.695776e+02
1.487692e+03   2.667297e+02
1.498562e+03   2.617870e+02
1.508158e+03   2.548381e+02
1.517846e+03   2.435146e+02
1.521086e+03   2.330228e+02
1.521183e+03   2.222702e+02
1.522831e+03   2.118209e+02
1.524743e+03   1.995271e+02
1.530476e+03   1.863951e+02
1.532902e+03   1.748023e+02
