9.385055e+02   6.480819e+02
9.424503e+02   6.442078e+02
9.477955e+02   6.432291e+02
9.580273e+02   6.420353e+02
9.715578e+02   6.407075e+02
9.875329e+02   6.396214e+02
1.000879e+03   6.379255e+02
1.015996e+03   6.380021e+02
1.031237e+03   6.376620e+02
1.047808e+03   6.362721e+02
1.065466e+03   6.304635e+02
1.077695e+03   6.244895e+02
1.095660e+03   6.197405e+02
1.110610e+03   6.072140e+02
1.117774e+03   5.874957e+02
1.124472e+03   5.708590e+02
1.129189e+03   5.509828e+02
1.134749e+03   5.304749e+02
1.138615e+03   5.088351e+02
1.136662e+03   4.896421e+02
1.130290e+03   4.698753e+02
1.119786e+03   4.547838e+02
1.107625e+03   4.375760e+02
1.091190e+03   4.177953e+02
1.077671e+03   3.987056e+02
1.073563e+03   3.755295e+02
1.070148e+03   3.558838e+02
1.056483e+03   3.463581e+02
1.033042e+03   3.477572e+02
1.015796e+03   3.545169e+02
1.001364e+03   3.671045e+02
9.885023e+02   3.804592e+02
9.768740e+02   3.917026e+02
9.636002e+02   4.037764e+02
9.476064e+02   4.164223e+02
9.354984e+02   4.283456e+02
9.233390e+02   4.409852e+02
9.162495e+02   4.550959e+02
9.068179e+02   4.713522e+02
9.030492e+02   4.875721e+02
9.004429e+02   5.057867e+02
8.954000e+02   5.238472e+02
8.871564e+02   5.391136e+02
8.797378e+02   5.508774e+02
8.846404e+02   5.679553e+02
8.922023e+02   5.828062e+02
9.041280e+02   5.949879e+02
9.142892e+02   6.043648e+02
9.218628e+02   6.183240e+02
9.300799e+02   6.332095e+02
944   6.464679e+02
9.604261e+02   6.470070e+02
9.770243e+02   6.406773e+02
9.923508e+02   6.361704e+02
1.008481e+03   6.348158e+02
1.022117e+03   6.362291e+02
1.040097e+03   6.347525e+02
1.052178e+03   6.257837e+02
1.064130e+03   6.211553e+02
1.070207e+03   6.166599e+02
1.077750e+03   6.135118e+02
1.091266e+03   6.101336e+02
1.105726e+03   6.019309e+02
1.115235e+03   5.921430e+02
1.122474e+03   5.892703e+02
1.132529e+03   5.804168e+02
1.138561e+03   5.735842e+02
1.145015e+03   5.678746e+02
1.152349e+03   5.595024e+02
1.158033e+03   5.459371e+02
1.163110e+03   5.329737e+02
1.163819e+03   5.208417e+02
1.166099e+03   510
1.165993e+03   4.972002e+02
1.164826e+03   4.827046e+02
1.165029e+03   4.738701e+02
1.164686e+03   4.653925e+02
1.164749e+03   4.578957e+02
1.166219e+03   4.532034e+02
1.167653e+03   4.423756e+02
1.161778e+03   4.316060e+02
1.155980e+03   4.191419e+02
1.152663e+03   4.062854e+02
1.151655e+03   3.946735e+02
1.150055e+03   3.809624e+02
1.145364e+03   3.704177e+02
1.141482e+03   3.647229e+02
1.133234e+03   3.582596e+02
1.126199e+03   3.514545e+02
1.113954e+03   3.434899e+02
1.098621e+03   3.358766e+02
1.085824e+03   3.243099e+02
1.074577e+03   3.176937e+02
1.058358e+03   3.117405e+02
1.045859e+03   3.028447e+02
1.027498e+03   2.941375e+02
1.009334e+03   2.882896e+02
9.953621e+02   2.813072e+02
9.829155e+02   2.743119e+02
9.674876e+02   2.755508e+02
9.529642e+02   2.817028e+02
9.395828e+02   2.945682e+02
9.313180e+02   3.058439e+02
9.215028e+02   3.156379e+02
9.108000e+02   3.275844e+02
9.009877e+02   3.342141e+02
8.851121e+02   3.402578e+02
8.732141e+02   3.434658e+02
8.608883e+02   3.425698e+02
8.490281e+02   3.388552e+02
8.369944e+02   3.334552e+02
8.253089e+02   3.294485e+02
8.165847e+02   3.238059e+02
8.031151e+02   3.211332e+02
7.923239e+02   3.185372e+02
7.767649e+02   3.185894e+02
7.645160e+02   3.182816e+02
7.547790e+02   3.135359e+02
7.446896e+02   3.054667e+02
7.384915e+02   2.950985e+02
7.337314e+02   2.852469e+02
7.302961e+02   2.760034e+02
7.241343e+02   2.649897e+02
7.161775e+02   2.526373e+02
7.100198e+02   2.376367e+02
7.040145e+02   2.232725e+02
6.965657e+02   2.121779e+02
6.823351e+02   2.040136e+02
6.672712e+02   1.964448e+02
6.543541e+02   1.901934e+02
6.438826e+02   1.859549e+02
6.366204e+02   1.737351e+02
6.316663e+02   1.574587e+02
6.315437e+02   1.421746e+02
6.379569e+02   1.259085e+02
6.477495e+02   1.108753e+02
6.572448e+02   9.689331e+01
6.691459e+02   8.600846e+01
6.795352e+02   7.483070e+01
6.944540e+02   6.310819e+01
7.124179e+02   5.741684e+01
7.279959e+02   5.849534e+01
7.417900e+02   6.224669e+01
7.592545e+02   6.886646e+01
7.710212e+02   7.939831e+01
7.863933e+02   8.913144e+01
8.000975e+02   9.178657e+01
8.154116e+02   9.656250e+01
8.286872e+02   9.869141e+01
8.423530e+02   1.015016e+02
8.532620e+02   1.082833e+02
8.617955e+02   1.136890e+02
8.713575e+02   1.216436e+02
8.796037e+02   1.289287e+02
8.898079e+02   1.363133e+02
8.995451e+02   1.428078e+02
9.099512e+02   1.507574e+02
9.216732e+02   1.484978e+02
9.318551e+02   1.437963e+02
9.431836e+02   1.424856e+02
9.525204e+02   1.404887e+02
9.622118e+02   1.362598e+02
