9.289218e+02   6.244225e+02
9.288036e+02   6.248409e+02
9.286196e+02   6.244876e+02
9.284465e+02   6.243836e+02
9.281123e+02   6.245819e+02
9.280081e+02   6.245065e+02
9.282068e+02   6.253173e+02
9.276895e+02   6.251005e+02
9.282672e+02   6.253802e+02
9.290557e+02   6.260867e+02
9.298253e+02   6.272102e+02
9.299146e+02   6.275978e+02
9.302544e+02   6.282796e+02
9.307035e+02   6.289124e+02
9.306346e+02   6.289564e+02
9.311642e+02   6.296893e+02
9.320631e+02   6.297132e+02
9.331620e+02   6.297387e+02
9.343140e+02   6.301216e+02
9.373737e+02   6.314459e+02
9.408937e+02   6.325313e+02
9.444064e+02   6.315965e+02
9.496907e+02   6.287526e+02
9.521505e+02   6.280167e+02
9.575079e+02   6.280993e+02
9.684374e+02   6.264742e+02
9.793971e+02   6.237036e+02
9.901299e+02   6.223445e+02
1.004475e+03   6.191693e+02
1.018042e+03   6.129234e+02
1.034240e+03   6.047001e+02
1.052294e+03   5.971869e+02
1.064254e+03   5.987014e+02
1.074835e+03   6.084722e+02
1.082692e+03   6.201948e+02
1.097084e+03   6.362358e+02
1.109013e+03   6.558886e+02
1.114165e+03   6.734056e+02
1.118561e+03   6.906375e+02
1.113811e+03   7.071739e+02
1.110370e+03   7.207699e+02
1.107705e+03   7.301884e+02
1.107361e+03   7.471642e+02
1.104739e+03   7.632166e+02
1.106154e+03   7.738808e+02
1.112226e+03   7.876363e+02
1.112132e+03   8.027080e+02
1.107671e+03   8.116657e+02
1.106843e+03   8.243234e+02
1.112068e+03   8.360695e+02
1.112936e+03   8.464295e+02
1.113100e+03   8.573896e+02
1.113747e+03   8.664307e+02
1.118313e+03   8.761573e+02
1.115473e+03   8.824772e+02
1.115567e+03   8.845102e+02
1.112517e+03   8.901469e+02
1.107795e+03   8.978550e+02
1.102667e+03   9.086479e+02
1.096930e+03   9.215289e+02
1.090644e+03   9.331170e+02
1.087301e+03   9.401285e+02
1.084820e+03   9.498283e+02
1.079185e+03   9.569105e+02
1.074779e+03   9.702680e+02
1.077798e+03   9.840176e+02
1.092711e+03   9.901824e+02
1.103129e+03   9.932464e+02
1.116659e+03   9.983468e+02
1.130182e+03   1.002133e+03
1.143522e+03   1.006810e+03
1.157293e+03   1.013617e+03
1.168324e+03   1.016567e+03
1.178646e+03   1.020259e+03
1.190859e+03   1.019184e+03
1.200728e+03   1.014993e+03
1.211340e+03   1.017924e+03
1.222163e+03   1.028157e+03
1.232985e+03   1.039103e+03
1.249340e+03   1.042678e+03
1.265947e+03   1.048525e+03
1.276461e+03   1.058715e+03
1.289840e+03   1.069666e+03
1.300501e+03   1.080261e+03
1.317006e+03   1.086415e+03
1.336092e+03   1.093551e+03
1.355640e+03   1.093140e+03
1.372862e+03   1.085616e+03
1.390183e+03   1.086075e+03
1.409815e+03   1.087766e+03
1.426791e+03   1.093773e+03
1.445430e+03   1.099225e+03
1.463176e+03   1.104206e+03
1.480853e+03   1.108757e+03
1.496352e+03   1.114571e+03
1.508025e+03   1.124611e+03
1.518157e+03   1.135760e+03
