9.408636e+02   6.174543e+02
9.409939e+02   6.174573e+02
9.408007e+02   6.175732e+02
9.405162e+02   6.170469e+02
9.423699e+02   6.160946e+02
9.433471e+02   6.135643e+02
9.445746e+02   6.119218e+02
9.447353e+02   6.110699e+02
9.445668e+02   6.089171e+02
9.457673e+02   6.056586e+02
9.464911e+02   6.037987e+02
9.471067e+02   6.017662e+02
9.465547e+02   5.995085e+02
9.469127e+02   5.965006e+02
9.472010e+02   5.957231e+02
9.469533e+02   5.943380e+02
9.468670e+02   5.930359e+02
9.475041e+02   5.910852e+02
9.483928e+02   5.890660e+02
9.495374e+02   5.876956e+02
9.497989e+02   5.869461e+02
9.499636e+02   5.865690e+02
9.500116e+02   5.866455e+02
9.498529e+02   5.867952e+02
9.498636e+02   5.868617e+02
9.498805e+02   5.868330e+02
9.498973e+02   5.870323e+02
9.496245e+02   5.874801e+02
9.489440e+02   5.878098e+02
9.487343e+02   5.888792e+02
