9.170259e+02   6.263309e+02
921   6.120948e+02
9.290094e+02   5.941363e+02
9.449875e+02   5.774678e+02
9.630632e+02   5.537379e+02
9.815457e+02   5.356892e+02
1.003975e+03   5.174042e+02
1.023968e+03   4.970721e+02
1.045729e+03   4.821353e+02
1.068777e+03   4.864190e+02
1.084720e+03   4.979626e+02
1.089645e+03   5.213810e+02
1.084094e+03   5.487972e+02
1.082960e+03   5.779338e+02
1.070899e+03   6.022181e+02
1.059299e+03   6.259826e+02
1.047209e+03   6.519040e+02
1.035823e+03   6.740756e+02
1.019933e+03   6.944082e+02
1.004467e+03   7.105882e+02
9.845804e+02   7.154611e+02
9.694364e+02   7.117336e+02
9.583120e+02   6.986227e+02
9.450581e+02   6.759095e+02
9.289789e+02   6.480698e+02
9.161133e+02   6.171036e+02
9.250580e+02   5.904010e+02
9.510074e+02   5.821347e+02
9.769749e+02   5.860962e+02
1.001126e+03   5.902023e+02
1.021168e+03   5.985621e+02
1.033717e+03   6.138276e+02
1.045374e+03   6.325851e+02
1.056882e+03   6.545235e+02
1.066331e+03   6.786680e+02
1.068802e+03   7.066216e+02
1.075540e+03   7.306888e+02
1.101136e+03   7.511733e+02
1.124970e+03   7.695694e+02
1.134351e+03   7.941614e+02
1.132519e+03   8.243556e+02
1.116632e+03   8.464364e+02
1.102428e+03   8.683213e+02
1.092660e+03   8.838045e+02
1.084788e+03   9.012303e+02
1.075730e+03   9.270324e+02
1.060004e+03   9.470608e+02
1.049146e+03   9.617771e+02
1.035039e+03   9.777123e+02
1.013018e+03   9.839556e+02
9.910638e+02   9.820366e+02
9.769215e+02   9.861283e+02
9.510482e+02   9.881457e+02
9.309727e+02   9.900913e+02
9.149581e+02   9.901310e+02
8.930377e+02   9.880954e+02
8.769021e+02   9.738354e+02
8.643106e+02   9.533788e+02
8.590762e+02   9.395184e+02
8.631187e+02   9.166069e+02
8.754013e+02   9.046374e+02
8.958202e+02   9.030958e+02
9.144420e+02   8.859111e+02
9.171884e+02   8.597295e+02
9.144746e+02   8.349011e+02
9.043879e+02   8.090398e+02
8.950011e+02   7.799649e+02
8.909208e+02   7.576833e+02
8.832450e+02   7.370013e+02
8.769960e+02   7.135733e+02
8.907965e+02   6.892851e+02
9.101746e+02   6.832574e+02
9.309827e+02   6.827253e+02
9.509747e+02   6.882853e+02
9.705897e+02   7.066773e+02
9.882428e+02   7.210414e+02
1.002854e+03   7.318635e+02
1.010327e+03   7.461191e+02
1.024963e+03   7.598789e+02
1.037357e+03   7.666533e+02
1.054907e+03   7.584098e+02
1.070679e+03   7.564119e+02
1.091970e+03   7.516397e+02
1.112530e+03   7.527548e+02
1.127335e+03   7.656477e+02
1.145024e+03   7.798749e+02
1.165057e+03   7.940401e+02
1.181130e+03   8.080166e+02
1.199401e+03   8.245375e+02
1.214431e+03   8.428753e+02
1.227014e+03   8.577653e+02
1.234681e+03   8.790581e+02
1.237103e+03   9.033059e+02
1.237412e+03   9.213780e+02
1.239834e+03   9.433975e+02
1.240614e+03   9.653913e+02
1.243878e+03   9.862690e+02
1.247780e+03   1.003329e+03
1.248863e+03   1.021238e+03
1.252169e+03   1.039077e+03
1.261366e+03   1.057579e+03
1.270662e+03   1.076769e+03
1.270414e+03   1.091806e+03
1.264454e+03   1.108163e+03
1.250030e+03   1.120739e+03
1.235678e+03   1.125134e+03
1.222951e+03   1.132287e+03
1.205066e+03   1.140735e+03
1.188032e+03   1.141330e+03
1.170289e+03   1.135345e+03
1.157634e+03   1.122836e+03
1.140731e+03   1.110094e+03
1.112651e+03   1.108758e+03
1.085264e+03   1.112618e+03
1.057106e+03   1.113751e+03
1.035219e+03   1.105224e+03
1.019652e+03   1.091104e+03
1.005246e+03   1.065405e+03
9.988171e+02   1.042843e+03
9.955093e+02   1.020821e+03
1.004945e+03   1.006061e+03
1.019024e+03   9.901454e+02
1.042934e+03   9.738095e+02
1.062983e+03   9.599423e+02
1.085017e+03   9.488076e+02
1.107044e+03   9.328893e+02
1.122677e+03   9.123910e+02
1.129070e+03   8.936922e+02
1.129366e+03   8.739321e+02
1.127813e+03   8.463022e+02
1.130772e+03   8.235106e+02
1.132946e+03   8.001120e+02
1.123065e+03   7.838599e+02
1.117057e+03   7.675275e+02
1.112106e+03   7.460438e+02
1.113334e+03   7.286022e+02
1.122266e+03   7.095635e+02
1.130404e+03   6.888664e+02
1.142084e+03   6.734058e+02
1.156760e+03   6.610543e+02
1.172688e+03   6.565535e+02
1.190190e+03   6.599521e+02
1.206765e+03   6.682440e+02
1.222233e+03   6.762429e+02
1.238464e+03   6.896970e+02
1.249517e+03   7.062121e+02
1.260470e+03   7.242703e+02
1.271807e+03   7.336149e+02
1.287295e+03   7.422682e+02
1.305992e+03   7.496933e+02
1.321914e+03   7.528713e+02
1.334149e+03   7.597135e+02
1.344914e+03   7.711648e+02
1.344014e+03   7.858819e+02
1.335290e+03   8.061602e+02
1.321541e+03   8.250786e+02
1.307081e+03   8.423232e+02
1.311627e+03   8.678145e+02
1.322287e+03   8.864923e+02
1.337448e+03   9.054043e+02
1.348513e+03   9.261110e+02
1.349569e+03   9.528290e+02
1.343932e+03   9.704183e+02
1.334591e+03   9.878222e+02
1.328080e+03   1.004465e+03
1.320293e+03   1.022026e+03
1.314703e+03   1.043154e+03
1.302939e+03   1.056439e+03
1.281515e+03   1.071712e+03
1.264044e+03   1.081815e+03
