9.382801e+02   6.224905e+02
9.420375e+02   6.223444e+02
9.447587e+02   6.242834e+02
9.471391e+02   6.261841e+02
9.500874e+02   6.300938e+02
9.510267e+02   6.408715e+02
9.423492e+02   6.513929e+02
9.333717e+02   6.582074e+02
9.217190e+02   6.590171e+02
9.045147e+02   6.608561e+02
8.931962e+02   6.684124e+02
8.843067e+02   6.794656e+02
8.701682e+02   6.892630e+02
8.534701e+02   6.967761e+02
8.349057e+02   6.970588e+02
8.130570e+02   6.945516e+02
7.928604e+02   6.905025e+02
7.727806e+02   6.879902e+02
7.519509e+02   6.843233e+02
7.294823e+02   6.861853e+02
7.064932e+02   6.875890e+02
6.909286e+02   6.932619e+02
6.811312e+02   7.009556e+02
6.749270e+02   7.210833e+02
6.795560e+02   7.354237e+02
6.886078e+02   7.509178e+02
6.972770e+02   7.644113e+02
6.967994e+02   7.805240e+02
6.867386e+02   7.884479e+02
6.760715e+02   7.997521e+02
6.672039e+02   8.083336e+02
6.622903e+02   8.217069e+02
6.550534e+02   8.392127e+02
6.424478e+02   8.523555e+02
6.332509e+02   8.649139e+02
6.242852e+02   8.802798e+02
6.151090e+02   9.000438e+02
6.159856e+02   9.205663e+02
6.123301e+02   9.409929e+02
6.053157e+02   9.611020e+02
5.964929e+02   9.797429e+02
5.861293e+02   9.971849e+02
5.663307e+02   1.010235e+03
5.491640e+02   1.016846e+03
5.337756e+02   1.033186e+03
5.425351e+02   1.057431e+03
5.511580e+02   1.067017e+03
5.569840e+02   1.082299e+03
5.472005e+02   1.098795e+03
5.293821e+02   1.107770e+03
5.102552e+02   1.113351e+03
4.957440e+02   1.123661e+03
4.894230e+02   1.141253e+03
4.940538e+02   1.163147e+03
4.948316e+02   1.181691e+03
4.888538e+02   1.196048e+03
4.772271e+02   1.216926e+03
