9.231252e+02   6.180654e+02
9.187717e+02   5.897479e+02
9.050771e+02   5.590891e+02
8.833906e+02   5.209471e+02
8.516589e+02   4.946996e+02
8.179560e+02   4.728241e+02
8.073063e+02   4.363846e+02
8.062138e+02   3.972960e+02
8.057824e+02   3.602831e+02
7.919313e+02   3.225236e+02
7.707239e+02   2.884477e+02
7.569453e+02   2.556033e+02
7.545194e+02   2.212653e+02
7.686676e+02   1.890216e+02
7.927657e+02   1.627738e+02
8.235209e+02   1.469228e+02
8.564510e+02   1.423951e+02
8.876846e+02   1.450121e+02
9.210223e+02   1.528679e+02
9.479280e+02   1.699484e+02
9.800057e+02   1.864476e+02
1.009881e+03   1.982763e+02
1.043096e+03   2.014514e+02
1.075089e+03   2.111534e+02
1.107659e+03   2.214707e+02
1.136850e+03   2.286794e+02
1.168954e+03   2.322719e+02
1.197981e+03   2.320202e+02
1.228654e+03   2.383612e+02
1.261429e+03   2.457527e+02
1.291378e+03   2.566640e+02
1.315095e+03   2.760389e+02
1.328949e+03   3.023144e+02
1.338571e+03   3.302237e+02
1.349661e+03   3.581793e+02
1.357890e+03   3.871456e+02
1.363825e+03   4.142467e+02
1.362416e+03   4.400542e+02
1.358039e+03   4.672524e+02
1.355935e+03   4.944979e+02
1.350455e+03   5.200324e+02
1.342054e+03   5.457081e+02
1.333084e+03   5.740407e+02
1.330940e+03   6.025964e+02
1.336966e+03   6.313357e+02
1.342863e+03   6.592368e+02
1.352521e+03   6.851962e+02
1.359590e+03   7.112247e+02
1.370547e+03   7.388202e+02
1.382757e+03   7.632483e+02
1.394160e+03   7.918449e+02
1.409356e+03   8.153155e+02
1.415462e+03   8.441388e+02
1.419451e+03   8.732256e+02
1.416134e+03   9.012761e+02
1.405088e+03   9.212209e+02
1.399072e+03   9.469753e+02
1.393184e+03   9.720724e+02
1.392199e+03   9.983064e+02
1.387445e+03   1.023815e+03
1.376946e+03   1.051199e+03
1.370051e+03   1.077389e+03
1.369841e+03   1.104238e+03
1.368262e+03   1.130249e+03
1.365642e+03   1.154642e+03
1.364498e+03   1.182396e+03
1.360297e+03   1.210452e+03
1.353620e+03   1.238567e+03
1.348160e+03   1.265672e+03
