9.307357e+02   6.108202e+02
9.443191e+02   5.887763e+02
9.652515e+02   5.735196e+02
9.877218e+02   5.529579e+02
1.009187e+03   5.294625e+02
1.013741e+03   4.938954e+02
1.022165e+03   4.610878e+02
1.014537e+03   4.251753e+02
9.905673e+02   3.957010e+02
9.501433e+02   3.890365e+02
9.095558e+02   3.926332e+02
8.695597e+02   3.911448e+02
8.347237e+02   3.950661e+02
8.002212e+02   4.003170e+02
7.647408e+02   4.049063e+02
7.480934e+02   4.314791e+02
7.561979e+02   4.644405e+02
7.641447e+02   5.007539e+02
7.623384e+02   5.359577e+02
7.480702e+02   5.702200e+02
7.338234e+02   6.011458e+02
7.257864e+02   6.355069e+02
6.997721e+02   6.549144e+02
6.630456e+02   6.590314e+02
6.263789e+02   6.560890e+02
5.934896e+02   6.481847e+02
5.623601e+02   6.524811e+02
5.312723e+02   6.444756e+02
5.030036e+02   6.363816e+02
4.720966e+02   6.310096e+02
4.428563e+02   6.327989e+02
4.137218e+02   6.279573e+02
3.831444e+02   6.340192e+02
3.537808e+02   6.331483e+02
3.274783e+02   6.189673e+02
3.018152e+02   6.046305e+02
2.753986e+02   5.961203e+02
2.536308e+02   5.909308e+02
2.297985e+02   5.849670e+02
2.074046e+02   5.756170e+02
1.839027e+02   5.707418e+02
1.607677e+02   5.615173e+02
