9.181393e+02   6.143689e+02
9.061601e+02   5.990025e+02
8.823971e+02   5.966553e+02
8.581916e+02   5.989221e+02
8.361551e+02   6.095620e+02
8.199948e+02   6.279961e+02
8.123782e+02   6.513355e+02
8.122641e+02   6.782444e+02
8.118653e+02   7.051496e+02
8.290481e+02   7.264329e+02
8.526340e+02   7.274549e+02
8.759191e+02   7.107324e+02
8.896768e+02   6.856913e+02
8.976649e+02   6.548789e+02
9.021263e+02   6.245146e+02
9.214201e+02   5.996577e+02
9.369619e+02   5.741621e+02
9.269559e+02   5.456828e+02
9.086326e+02   5.202445e+02
8.902021e+02   4.961158e+02
8.631618e+02   4.803287e+02
8.312744e+02   4.685423e+02
7.994587e+02   4.592145e+02
7.680558e+02   4.473591e+02
7.364339e+02   4.427195e+02
7.042105e+02   4.406065e+02
6.785888e+02   4.584964e+02
6.554541e+02   4.762976e+02
6.530330e+02   5.105520e+02
6.566117e+02   5.458623e+02
6.544624e+02   5.792713e+02
6.639782e+02   6.068935e+02
6.694690e+02   6.315079e+02
6.883022e+02   6.464104e+02
7.138478e+02   6.432928e+02
7.326475e+02   6.243825e+02
7.446586e+02   5.996304e+02
7.469184e+02   5.640073e+02
7.528213e+02   5.305940e+02
7.418411e+02   4.957933e+02
7.344694e+02   4.621678e+02
7.263009e+02   4.302063e+02
6.997082e+02   4.184013e+02
6.674508e+02   4.121239e+02
6.379286e+02   4.071480e+02
6.069586e+02   3.994592e+02
5.751181e+02   3.994093e+02
5.476775e+02   3.951071e+02
5.185133e+02   4.103210e+02
4.902106e+02   4.105417e+02
4.600424e+02   4.032474e+02
4.327724e+02   3.915291e+02
4.055832e+02   3.806105e+02
3.782607e+02   3.737268e+02
3.558844e+02   3.540573e+02
3.282381e+02   3.513485e+02
2.996165e+02   3.594181e+02
2.770513e+02   3.756286e+02
2.711091e+02   4.023948e+02
2.805432e+02   4.282832e+02
3.088582e+02   4.383613e+02
3.336483e+02   4.480541e+02
3.624951e+02   4.551855e+02
3.943833e+02   4.535066e+02
4.234883e+02   4.560702e+02
4.502603e+02   4.579418e+02
4.783341e+02   4.632400e+02
5.075685e+02   4.696789e+02
5.360439e+02   4.740775e+02
5.653598e+02   4.779195e+02
5.954748e+02   4.763618e+02
6.168535e+02   4.564737e+02
6.319728e+02   4.315496e+02
6.442991e+02   4.042281e+02
6.629325e+02   3.880012e+02
6.793939e+02   3.648655e+02
6.928489e+02   3.403833e+02
7.028880e+02   3.129349e+02
7.074220e+02   2.862152e+02
7.032397e+02   2.578329e+02
6.927953e+02   2.317905e+02
6.759709e+02   2.089360e+02
6.596533e+02   1.899399e+02
6.421223e+02   1.711438e+02
6.194363e+02   1.604501e+02
6.016162e+02   1.464908e+02
5.777398e+02   1.391438e+02
5.519804e+02   1.457077e+02
5.310899e+02   1.581086e+02
5.051910e+02   1.683949e+02
4.818911e+02   1.833173e+02
4.602508e+02   1.996044e+02
4.422145e+02   2.182600e+02
4.210689e+02   2.309464e+02
3.998133e+02   2.429142e+02
3.782640e+02   2.589096e+02
3.700755e+02   2.856782e+02
3.661106e+02   3.152121e+02
3.569634e+02   3.426951e+02
3.429466e+02   3.622061e+02
3.240415e+02   3.601289e+02
3.063942e+02   3.464954e+02
2.851616e+02   3.512480e+02
2.840371e+02   3.729268e+02
2.762558e+02   3.939688e+02
2.730050e+02   4.174660e+02
2.764875e+02   4.388772e+02
2.722002e+02   4.590057e+02
2.612267e+02   4.745533e+02
2.451513e+02   4.898487e+02
2.313626e+02   5.074207e+02
2.165666e+02   5.254646e+02
2.026713e+02   5.458231e+02
2.014854e+02   5.666369e+02
2.098024e+02   5.862481e+02
2.258880e+02   6.024202e+02
2.465318e+02   6.131391e+02
2.629089e+02   6.236788e+02
2.795543e+02   6.316245e+02
2.966131e+02   6.439072e+02
3.204273e+02   6.437643e+02
3.415167e+02   6.432490e+02
3.607981e+02   6.384103e+02
3.825345e+02   6.364644e+02
4.033024e+02   6.298079e+02
4.190281e+02   6.137732e+02
4.355724e+02   6.022706e+02
4.472376e+02   5.862251e+02
4.590233e+02   5.700111e+02
4.712098e+02   5.580590e+02
4.826511e+02   5.494344e+02
4.989733e+02   5.346404e+02
5.089696e+02   5.161792e+02
5.118815e+02   4.957666e+02
5.190012e+02   476
5.106411e+02   4.617644e+02
4.930567e+02   4.614113e+02
4.727756e+02   4.618064e+02
4.562568e+02   4.551708e+02
4.374511e+02   4.540437e+02
4.186266e+02   4.587993e+02
3.979422e+02   4.565584e+02
3.814015e+02   4.497578e+02
3.624167e+02   4.560563e+02
3.445209e+02   4.495209e+02
3.296382e+02   4.400245e+02
3.107314e+02   4.350289e+02
3.012061e+02   4.302986e+02
2.864462e+02   4.339080e+02
2.750881e+02   4.479423e+02
2.674306e+02   4.646969e+02
2.535856e+02   4.781391e+02
2.373058e+02   4.927400e+02
2.247320e+02   5.105796e+02
2.111212e+02   5.266548e+02
2.017229e+02   5.450844e+02
2.011487e+02   5.653125e+02
2.042950e+02   5.844443e+02
2.049875e+02   6.045157e+02
2.048701e+02   6.234244e+02
2.030838e+02   6.405450e+02
2.094747e+02   6.611275e+02
2.219412e+02   6.775272e+02
2.308641e+02   6.959852e+02
2.450403e+02   7.068640e+02
2.578064e+02   7.162374e+02
2.725296e+02   7.260528e+02
2.902431e+02   7.212861e+02
