9.217602e+02   6.196270e+02
9.240952e+02   6.181625e+02
9.300826e+02   6.151050e+02
9.512769e+02   6.052578e+02
9.591884e+02   5.835713e+02
9.652242e+02   5.533000e+02
9.848868e+02   5.280546e+02
1.003948e+03   5.021488e+02
1.030598e+03   4.829432e+02
1.053347e+03   4.619133e+02
1.070962e+03   4.391140e+02
1.092692e+03   4.172116e+02
1.107748e+03   3.927741e+02
1.118738e+03   3.648481e+02
1.148128e+03   3.641838e+02
1.172311e+03   3.822927e+02
1.196157e+03   3.829880e+02
1.214505e+03   3.953867e+02
1.233467e+03   4.089817e+02
1.249673e+03   4.236164e+02
1.265607e+03   4.426785e+02
1.282630e+03   4.603935e+02
1.289915e+03   4.791110e+02
1.288278e+03   5.043093e+02
1.291929e+03   5.306930e+02
1.298237e+03   5.522879e+02
1.307717e+03   5.653616e+02
1.312411e+03   5.903032e+02
1.321808e+03   6.069213e+02
1.329506e+03   6.284494e+02
1.335566e+03   6.475269e+02
1.328692e+03   6.690172e+02
1.311622e+03   6.860624e+02
1.294482e+03   7.015248e+02
1.288540e+03   7.248786e+02
1.289908e+03   7.456741e+02
1.285678e+03   7.625349e+02
1.299886e+03   7.762431e+02
1.308380e+03   7.862913e+02
1.318684e+03   8.050662e+02
1.337067e+03   8.156969e+02
1.355384e+03   8.206913e+02
1.372131e+03   8.312896e+02
1.387673e+03   8.457256e+02
1.404709e+03   8.529450e+02
1.417236e+03   8.648007e+02
1.436466e+03   8.694874e+02
1.450293e+03   8.766263e+02
1.465557e+03   8.792002e+02
1.481256e+03   8.897515e+02
1.493768e+03   9.004563e+02
1.512537e+03   9.002203e+02
1.527637e+03   8.962550e+02
1.537258e+03   9.075161e+02
1.551001e+03   9.156840e+02
1.570246e+03   9.202818e+02
1.591514e+03   9.109545e+02
1.609734e+03   9.005516e+02
1.626391e+03   8.966830e+02
1.644442e+03   8.920035e+02
