9.364717e+02   6.288792e+02
9.372615e+02   6.310174e+02
9.436832e+02   6.372926e+02
9.568253e+02   6.413048e+02
9.728609e+02   6.466814e+02
9.872137e+02   6.508575e+02
1.005314e+03   6.547224e+02
1.024443e+03   6.563896e+02
1.043966e+03   6.556679e+02
1.059781e+03   6.606722e+02
1.075058e+03   6.707416e+02
1.091057e+03   6.771816e+02
1.108020e+03   6.791004e+02
1.123521e+03   6.777670e+02
1.141240e+03   6.729605e+02
1.153224e+03   6.671927e+02
1.165989e+03   665
1.180906e+03   6.688516e+02
1.197440e+03   6.723407e+02
1.207837e+03   6.794536e+02
1.212198e+03   6.911698e+02
1.217843e+03   7.020238e+02
1.221376e+03   7.151640e+02
1.224866e+03   7.307027e+02
1.228773e+03   7.442585e+02
1.233374e+03   7.595239e+02
1.233679e+03   7.748040e+02
1.232147e+03   7.906874e+02
1.228294e+03   8.036129e+02
1.218182e+03   8.175228e+02
1.210467e+03   8.286765e+02
1.208863e+03   8.422116e+02
1.200405e+03   8.578195e+02
1.183731e+03   8.657448e+02
1.166137e+03   8.660756e+02
1.149062e+03   8.679665e+02
1.133753e+03   8.742651e+02
1.119690e+03   8.843052e+02
1.111806e+03   8.954801e+02
1.100294e+03   9.071197e+02
1.090410e+03   9.168857e+02
1.084777e+03   9.302627e+02
1.071907e+03   9.394578e+02
1.052872e+03   9.396303e+02
1.040452e+03   9.268435e+02
1.040360e+03   9.203412e+02
1.035671e+03   9.146271e+02
1.031759e+03   9.138901e+02
1.028845e+03   9.164307e+02
1.039529e+03   9.171298e+02
1.047980e+03   9.197141e+02
1.052377e+03   9.240462e+02
1.056851e+03   9.253841e+02
1.063372e+03   9.252055e+02
1.071337e+03   9.204617e+02
1.077524e+03   9.135985e+02
1.080378e+03   9.051242e+02
1.080923e+03   8.978606e+02
1.077751e+03   8.863346e+02
1.070918e+03   8.749254e+02
1.064506e+03   8.654669e+02
1.055301e+03   8.606812e+02
1.043743e+03   8.554613e+02
1.032534e+03   8.511473e+02
1.023872e+03   8.468058e+02
1.014787e+03   8.436015e+02
1.009594e+03   8.456108e+02
1.005966e+03   8.538190e+02
1.002123e+03   8.585165e+02
1.002499e+03   8.651892e+02
1.000205e+03   8.708839e+02
9.965266e+02   8.799975e+02
9.963193e+02   8.888273e+02
9.984268e+02   8.992657e+02
1.001555e+03   9.025878e+02
1.005137e+03   9.043272e+02
1.007906e+03   9.096046e+02
1.012789e+03   9.109975e+02
1.020784e+03   9.058855e+02
1.025127e+03   8.950622e+02
1.021424e+03   8.876931e+02
1.013213e+03   8.833208e+02
1.007873e+03   8.838915e+02
9.938791e+02   8.903778e+02
9.803759e+02   8.950906e+02
9.704417e+02   8.995914e+02
9.585300e+02   9.048362e+02
9.487525e+02   9.083937e+02
9.415049e+02   9.158640e+02
9.372734e+02   9.221074e+02
9.309539e+02   9.334508e+02
9.267795e+02   9.398015e+02
9.209723e+02   9.408717e+02
9.163724e+02   9.402653e+02
9.074726e+02   9.469732e+02
9.018924e+02   9.482071e+02
8.969551e+02   9.476601e+02
8.947022e+02   9.492314e+02
8.916907e+02   9.537961e+02
8.890400e+02   9.627480e+02
8.842497e+02   9.702822e+02
8.827593e+02   9.796550e+02
8.797900e+02   9.858186e+02
8.754020e+02   9.947290e+02
8.766999e+02   1.002173e+03
8.739312e+02   1.013547e+03
8.748361e+02   1.023842e+03
8.770198e+02   1.035452e+03
8.785395e+02   1.048940e+03
8.776860e+02   1.062226e+03
8.787904e+02   1.074059e+03
8.840635e+02   1.084568e+03
8.865478e+02   1.094296e+03
8.875348e+02   1.104552e+03
8.826575e+02   1.116837e+03
8.727998e+02   1.124682e+03
8.614199e+02   1.128349e+03
8.504120e+02   1.127305e+03
8.391567e+02   1.121950e+03
8.348271e+02   1.111903e+03
8.296209e+02   1.100636e+03
8.255680e+02   1.090085e+03
8.198844e+02   1.079225e+03
8.099600e+02   1.067306e+03
7.995431e+02   1.057059e+03
7.922250e+02   1.046647e+03
7.853746e+02   1.036975e+03
7.799596e+02   1.026710e+03
7.766385e+02   1.019223e+03
