9.329765e+02   6.291104e+02
9.369791e+02   6.279896e+02
9.435955e+02   6.282652e+02
9.487868e+02   6.282090e+02
9.592398e+02   6.297666e+02
9.711005e+02   6.307665e+02
9.899688e+02   6.311726e+02
1.008349e+03   6.396329e+02
1.023795e+03   6.501117e+02
1.040744e+03   6.597867e+02
1.054966e+03   6.761672e+02
1.070802e+03   6.895661e+02
1.087857e+03   6.957589e+02
1.109589e+03   6.940335e+02
1.128738e+03   6.971156e+02
1.148041e+03   7.016610e+02
1.167620e+03   7.039445e+02
1.178820e+03   7.120804e+02
1.197085e+03   7.210291e+02
1.216907e+03   7.273044e+02
1.233666e+03   7.370426e+02
1.249023e+03   7.481485e+02
1.264476e+03   7.565790e+02
1.277914e+03   7.610973e+02
1.294732e+03   7.652390e+02
1.312110e+03   7.691067e+02
1.329192e+03   7.660019e+02
1.347016e+03   7.619812e+02
1.362450e+03   7.600826e+02
1.378685e+03   7.561437e+02
1.396187e+03   7.559314e+02
1.413832e+03   7.586447e+02
1.439867e+03   7.581204e+02
1.457471e+03   7.511621e+02
1.473696e+03   7.419262e+02
1.490863e+03   7.366077e+02
1.509483e+03   7.326753e+02
1.519161e+03   7.247941e+02
1.534920e+03   7.149867e+02
1.551428e+03   7.105781e+02
1.569990e+03   7.133823e+02
1.588182e+03   7.095803e+02
1.604352e+03   6.999171e+02
1.620785e+03   6.930296e+02
1.634288e+03   6.801273e+02
