9.280629e+02   6.271053e+02
9.217814e+02   6.286197e+02
9.173979e+02   6.320209e+02
9.144855e+02   6.340506e+02
9.120141e+02   6.392462e+02
9.106662e+02   6.477565e+02
9.119597e+02   6.580579e+02
9.131858e+02   6.682661e+02
9.141859e+02   6.776156e+02
9.095707e+02   6.906616e+02
9.019555e+02   7.020788e+02
8.963082e+02   7.124642e+02
8.865019e+02   7.239546e+02
8.752697e+02   7.314684e+02
8.604244e+02   7.339911e+02
8.449873e+02   7.348450e+02
8.323574e+02   7.306271e+02
8.203834e+02   7.217035e+02
8.099165e+02   7.084671e+02
7.990723e+02   6.966231e+02
7.860649e+02   6.891043e+02
7.719033e+02   6.888969e+02
7.571100e+02   6.934578e+02
7.436421e+02   7.002043e+02
7.330598e+02   7.101407e+02
7.219276e+02   7.271829e+02
7.161248e+02   7.410575e+02
7.089382e+02   7.597658e+02
7.049428e+02   7.794019e+02
6.999307e+02   8.006326e+02
6.960262e+02   8.205434e+02
6.965743e+02   8.399181e+02
7.039600e+02   8.606428e+02
7.219531e+02   8.818580e+02
7.492833e+02   8.895966e+02
7.721620e+02   8.907289e+02
7.952900e+02   8.921396e+02
8.196489e+02   8.929834e+02
8.449314e+02   8.819240e+02
8.618496e+02   8.590764e+02
8.666236e+02   8.318697e+02
8.637349e+02   8.062011e+02
8.559019e+02   7.692770e+02
8.503376e+02   7.354277e+02
8.329370e+02   7.128640e+02
8.254044e+02   6.912157e+02
8.276807e+02   6.703066e+02
8.329824e+02   6.522918e+02
8.390617e+02   6.319534e+02
8.462744e+02   6.141591e+02
8.586207e+02   6.028366e+02
8.708664e+02   5.867667e+02
8.872335e+02   5.698740e+02
8.980941e+02   5.464153e+02
9.009961e+02   5.195525e+02
8.999011e+02   4.957465e+02
8.908935e+02   4.689645e+02
8.800100e+02   4.437484e+02
8.661928e+02   4.172431e+02
8.543198e+02   3.897472e+02
8.457892e+02   3.667440e+02
8.402843e+02   3.409167e+02
8.363985e+02   3.171944e+02
8.146253e+02   2.997482e+02
7.978635e+02   2.793454e+02
7.852721e+02   2.560351e+02
7.703682e+02   2.368640e+02
7.605767e+02   2.156457e+02
7.485344e+02   1.960202e+02
7.390765e+02   1.747578e+02
7.388441e+02   1.524215e+02
7.386532e+02   1.314855e+02
7.335215e+02   1.071803e+02
7.276295e+02   8.930336e+01
7.283105e+02   6.975708e+01
7.306756e+02   4.966890e+01
7.388951e+02   2.850919e+01
