9.209466e+02   6.252938e+02
9.210389e+02   6.241511e+02
9.210335e+02   6.238979e+02
9.208791e+02   6.236806e+02
9.205409e+02   6.225061e+02
9.207412e+02   6.206438e+02
9.208595e+02   6.198943e+02
9.224338e+02   6.195246e+02
9.226598e+02   6.165552e+02
9.244694e+02   6.150107e+02
9.254860e+02   6.109119e+02
9.258768e+02   6.080572e+02
9.258364e+02   6.020961e+02
9.205074e+02   5.939112e+02
9.053821e+02   5.867332e+02
8.888418e+02   5.839266e+02
8.693636e+02   5.868313e+02
8.496834e+02   5.851522e+02
8.347166e+02   5.851845e+02
8.167753e+02   5.926761e+02
7.982414e+02   6.059284e+02
7.781517e+02   6.179812e+02
7.630374e+02   6.320606e+02
7.492161e+02   6.501893e+02
7.519009e+02   6.698044e+02
7.475451e+02   6.895213e+02
7.563463e+02   7.086550e+02
7.597156e+02   7.276888e+02
7.665466e+02   7.409393e+02
7.686811e+02   7.573764e+02
7.778545e+02   7.771143e+02
7.897867e+02   7.891744e+02
8.033225e+02   7.937159e+02
8.194506e+02   7.964379e+02
8.331186e+02   7.987543e+02
8.474266e+02   8.010909e+02
8.620577e+02   8.033893e+02
8.794801e+02   8.049655e+02
8.912340e+02   8.110816e+02
9.003978e+02   8.188122e+02
9.093010e+02   8.232855e+02
9.188989e+02   8.313648e+02
9.330904e+02   8.412460e+02
9.340149e+02   8.555041e+02
9.349355e+02   8.754500e+02
9.368070e+02   8.871591e+02
9.417288e+02   8.997712e+02
9.434414e+02   9.132372e+02
9.475205e+02   9.305722e+02
9.531084e+02   9.461297e+02
9.531623e+02   9.598689e+02
9.577927e+02   9.763094e+02
9.487700e+02   9.901992e+02
9.367815e+02   1.001992e+03
9.320745e+02   1.018954e+03
9.223113e+02   1.028574e+03
9.110662e+02   1.043738e+03
9.087356e+02   1.060330e+03
9.021405e+02   1.072786e+03
9.035402e+02   1.088438e+03
8.949825e+02   1.103526e+03
8.909492e+02   1.115385e+03
