9.262515e+02   6.332415e+02
9.194022e+02   6.242188e+02
9.056318e+02   6.130545e+02
8.861098e+02   6.065716e+02
8.658126e+02   6.030024e+02
8.465913e+02   5.924530e+02
8.271034e+02   5.854165e+02
8.078416e+02   5.807228e+02
7.882576e+02   5.653327e+02
7.653745e+02   5.605457e+02
7.433349e+02   5.547751e+02
7.221448e+02   5.527844e+02
7.019343e+02   5.467251e+02
6.795460e+02   5.413400e+02
6.585832e+02   5.355264e+02
6.408401e+02   5.288898e+02
6.216190e+02   5.240914e+02
5.996912e+02   5.294287e+02
5.771588e+02   5.335131e+02
5.549934e+02   5.373200e+02
5.325461e+02   5.419021e+02
5.117209e+02   5.457144e+02
4.949907e+02   5.397096e+02
4.750009e+02   5.276762e+02
4.587866e+02   5.135614e+02
4.498203e+02   4.891130e+02
4.430323e+02   4.633453e+02
4.317840e+02   4.389388e+02
4.152963e+02   4.216066e+02
3.975501e+02   4.042121e+02
3.786891e+02   3.835712e+02
3.630008e+02   3.612106e+02
3.488774e+02   3.390204e+02
3.373512e+02   3.153495e+02
3.294516e+02   2.865998e+02
3.180351e+02   2.620439e+02
3.087558e+02   2.420952e+02
2.979012e+02   2.146202e+02
