9.182490e+02   6.302150e+02
9.024337e+02   6.127707e+02
8.991949e+02   5.956759e+02
8.858290e+02   5.785412e+02
8.791639e+02   5.595512e+02
8.700259e+02   5.347606e+02
8.518887e+02   5.153049e+02
8.322658e+02   4.991360e+02
8.205583e+02   4.767740e+02
8.116314e+02   4.531385e+02
8.016391e+02   4.337776e+02
8.048705e+02   4.051692e+02
8.168437e+02   3.832699e+02
8.301236e+02   3.611941e+02
8.308453e+02   3.384293e+02
8.286229e+02   3.143178e+02
8.197082e+02   2.957759e+02
8.012881e+02   2.846198e+02
7.776447e+02   2.754592e+02
7.540408e+02   2.691621e+02
7.320300e+02   2.631150e+02
7.134038e+02   2.531905e+02
6.896352e+02   2.508402e+02
6.667654e+02   2.582745e+02
6.445046e+02   2.666670e+02
6.222846e+02   2.754288e+02
6.059555e+02   2.880900e+02
5.875321e+02   3.020283e+02
5.702530e+02   3.162640e+02
5.549936e+02   3.264835e+02
5.411391e+02   3.384453e+02
5.232898e+02   3.448641e+02
5.081957e+02   3.498170e+02
4.915000e+02   3.534908e+02
4.755214e+02   3.622241e+02
4.601044e+02   3.738236e+02
4.460483e+02   3.860825e+02
4.346336e+02   4.017518e+02
4.270473e+02   4.238189e+02
4.189193e+02   4.458323e+02
4.090185e+02   4.676215e+02
3.992394e+02   4.867421e+02
3.948909e+02   5.048980e+02
3.919665e+02   5.238960e+02
3.966983e+02   5.425470e+02
4.029914e+02   5.610638e+02
4.185207e+02   5.770987e+02
4.422416e+02   5.830381e+02
4.661544e+02   5.839129e+02
4.882657e+02   5.858185e+02
4.959655e+02   6.012341e+02
4.877398e+02   6.186806e+02
4.763730e+02   6.372840e+02
4.696864e+02   6.553958e+02
4.547755e+02   6.678480e+02
4.374018e+02   6.763982e+02
4.374018e+02   6.763982e+02
