9.283425e+02   6.223487e+02
9.166858e+02   6.142406e+02
8.931294e+02   6.001555e+02
875   5.800596e+02
8.629843e+02   5.438941e+02
8.632651e+02   5.116143e+02
8.680560e+02   4.758359e+02
8.733028e+02   4.435876e+02
8.710781e+02   4.141448e+02
8.742609e+02   3.761374e+02
8.790508e+02   3.476828e+02
8.760181e+02   3.170181e+02
8.772158e+02   2.873515e+02
8.939898e+02   2.622691e+02
9.104272e+02   2.384235e+02
9.366454e+02   2.274536e+02
9.637542e+02   2.195161e+02
9.947267e+02   2.242872e+02
1.026214e+03   2.288666e+02
1.055119e+03   2.274396e+02
1.084201e+03   2.292841e+02
1.113918e+03   2.288713e+02
1.143233e+03   2.244513e+02
1.172525e+03   2.153514e+02
1.198950e+03   2.036736e+02
1.220395e+03   1.841983e+02
1.229903e+03   1.566603e+02
1.240387e+03   1.328824e+02
1.263776e+03   1.174976e+02
1.292457e+03   1.071404e+02
1.321564e+03   1.128030e+02
1.351879e+03   1.177765e+02
1.379467e+03   1.250752e+02
1.406827e+03   1.283484e+02
1.434283e+03   1.252780e+02
1.458573e+03   1.148684e+02
1.476833e+03   9.591294e+01
