9.331513e+02   6.156536e+02
9.263249e+02   6.093745e+02
9.162720e+02   6.090590e+02
9.057240e+02   6.094179e+02
8.943931e+02   6.119015e+02
8.955090e+02   6.189238e+02
8.991841e+02   6.303107e+02
9.061353e+02   6.445608e+02
9.203027e+02   6.519002e+02
9.360386e+02   6.586367e+02
9.491982e+02   6.652424e+02
9.621239e+02   6.674610e+02
9.747491e+02   6.668107e+02
9.896318e+02   6.622497e+02
1.002838e+03   6.579989e+02
1.015612e+03   6.563986e+02
1.026358e+03   6.628368e+02
1.034802e+03   6.716246e+02
1.042199e+03   6.805123e+02
1.052745e+03   6.858962e+02
1.061400e+03   6.930817e+02
1.071613e+03   6.988087e+02
1.077367e+03   7.035253e+02
1.086499e+03   7.117640e+02
1.099667e+03   7.274304e+02
1.116321e+03   7.462989e+02
1.133018e+03   7.588338e+02
1.152793e+03   771
1.173864e+03   7.771584e+02
1.193430e+03   7.874338e+02
1.215983e+03   7.835383e+02
1.227368e+03   7.773668e+02
1.237471e+03   7.715828e+02
1.241743e+03   7.617708e+02
1.250172e+03   7.559076e+02
1.258690e+03   7.524042e+02
1.267166e+03   7.471665e+02
1.272348e+03   7.450845e+02
1.278907e+03   7.415065e+02
1.282188e+03   7.385856e+02
1.284514e+03   7.357191e+02
1.289905e+03   7.312836e+02
1.295126e+03   7.254422e+02
1.299326e+03   7.196756e+02
1.303414e+03   7.162509e+02
1.308139e+03   7.119761e+02
1.314981e+03   7.094213e+02
1.321514e+03   7.085439e+02
1.328776e+03   7.052572e+02
1.336247e+03   7.003888e+02
1.342427e+03   6.962799e+02
1.348712e+03   6.954884e+02
1.355071e+03   6.939283e+02
1.361012e+03   6.897804e+02
1.364702e+03   6.879733e+02
1.368704e+03   6.883839e+02
1.375627e+03   6.882128e+02
1.380206e+03   6.890365e+02
1.383260e+03   6.896891e+02
1.389393e+03   6.915501e+02
1.395946e+03   6.970689e+02
1.401885e+03   7.029796e+02
1.408096e+03   7.082982e+02
1.413352e+03   7.156752e+02
1.415473e+03   7.224575e+02
1.417166e+03   7.328066e+02
1.417664e+03   7.387054e+02
1.419965e+03   7.448792e+02
1.423021e+03   7.494780e+02
1.430200e+03   7.536121e+02
1.441246e+03   7.542645e+02
1.449662e+03   7.602760e+02
1.458057e+03   7.667697e+02
1.465119e+03   7.736995e+02
1.471574e+03   7.802223e+02
1.481832e+03   7.848909e+02
1.492588e+03   7.844396e+02
1.501953e+03   7.826729e+02
1.505897e+03   7.826259e+02
1.515506e+03   7.836694e+02
1.521323e+03   7.856463e+02
1.526803e+03   7.875153e+02
1.532069e+03   7.931501e+02
1.539846e+03   8.003632e+02
1.549355e+03   8.049588e+02
1.560836e+03   8.064639e+02
1.565693e+03   8.072010e+02
1.570426e+03   8.078301e+02
1.572918e+03   8.095139e+02
1.577610e+03   8.127538e+02
1.583545e+03   8.185779e+02
1.588736e+03   8.241274e+02
1.591042e+03   8.293227e+02
1.591678e+03   8.352874e+02
1.590063e+03   8.395090e+02
1.587370e+03   8.449715e+02
1.582451e+03   8.528613e+02
1.577050e+03   8.568792e+02
1.570499e+03   8.619423e+02
1.565387e+03   8.622238e+02
1.559705e+03   8.609472e+02
1.555764e+03   8.604518e+02
1.551392e+03   8.604756e+02
1.548746e+03   8.579948e+02
1.543653e+03   8.546646e+02
1.540543e+03   8.475621e+02
1.537177e+03   8.421715e+02
1.532793e+03   8.371577e+02
1.525298e+03   8.353839e+02
1.514544e+03   8.351792e+02
1.507985e+03   8.322545e+02
1.497482e+03   8.287053e+02
1.488114e+03   8.301567e+02
1477   8.352830e+02
1.470147e+03   8.427200e+02
1.466141e+03   8.499778e+02
1.464129e+03   8.576379e+02
1.462239e+03   8.662193e+02
1.458635e+03   8.748573e+02
1.456161e+03   8.820032e+02
1.457533e+03   8.941032e+02
1.454106e+03   8.990157e+02
1.450137e+03   9.053577e+02
