9.200997e+02   6.286770e+02
9.097334e+02   6.245910e+02
9.063216e+02   6.266909e+02
9.071488e+02   6.320152e+02
9.126606e+02   6.361285e+02
9.103098e+02   6.440556e+02
9.063258e+02   6.529110e+02
9.053161e+02   6.596785e+02
9.030995e+02   6.799168e+02
8.946701e+02   7.033340e+02
8.776825e+02   7.290042e+02
8.572055e+02   7.476774e+02
8.274971e+02   7.628170e+02
7.928736e+02   7.678767e+02
7.578063e+02   7.663160e+02
7.252764e+02   7.516817e+02
6.932198e+02   7.266000e+02
6.593759e+02   7.137651e+02
6.244901e+02   7.019022e+02
5.998833e+02   6.740444e+02
5.740536e+02   6.465089e+02
5.378679e+02   6.401040e+02
5.028227e+02   6.469257e+02
4.652340e+02   6.509944e+02
4.252590e+02   6.535347e+02
3.883012e+02   6.603623e+02
3.517489e+02   6.631449e+02
3.159055e+02   6.651274e+02
2.836427e+02   6.669889e+02
2.627310e+02   6.919456e+02
2.513982e+02   7.244198e+02
2.508047e+02   7.592753e+02
2.563811e+02   7.899574e+02
2.642730e+02   8.226680e+02
2.717134e+02   8.540598e+02
2.761702e+02   8.875138e+02
2.756436e+02   9.168358e+02
2.943072e+02   9.388371e+02
3.203771e+02   9.446790e+02
3.490256e+02   9.462083e+02
3.772013e+02   9.378709e+02
4.017467e+02   9.233286e+02
4.284843e+02   9.166410e+02
4.571806e+02   9.119793e+02
4.846714e+02   9.010497e+02
5.072739e+02   8.862234e+02
5.284404e+02   8.720218e+02
5.471627e+02   8.577819e+02
5.643480e+02   8.390047e+02
5.724718e+02   8.163324e+02
5.837346e+02   7.960275e+02
5.941985e+02   7.744168e+02
5.961324e+02   7.533505e+02
5.942649e+02   7.262170e+02
5.948745e+02   7.032403e+02
5.957979e+02   6.779761e+02
5.933002e+02   6.555898e+02
5.931765e+02   6.336143e+02
5.931681e+02   6.087116e+02
5.967566e+02   5.834119e+02
6.049789e+02   5.564201e+02
6.158548e+02   5.306294e+02
6.279655e+02   5.111766e+02
6.341120e+02   4.862181e+02
6.405571e+02   4.592322e+02
6.474677e+02   4.333343e+02
6.549678e+02   4.043398e+02
6.610603e+02   3.755214e+02
6.691601e+02   3.482213e+02
6.610978e+02   3.194374e+02
6.473150e+02   2.904783e+02
6.280038e+02   2.678103e+02
6.029432e+02   2.552740e+02
5.801118e+02   2.396269e+02
561   2.249459e+02
5.411943e+02   2.132789e+02
5.240034e+02   1.978814e+02
5.143212e+02   1.850822e+02
5.201323e+02   1.648543e+02
5.290090e+02   1.421567e+02
5.230872e+02   1.147653e+02
5.121490e+02   9.010737e+01
5.016100e+02   6.512715e+01
4.992152e+02   4.191456e+01
