9.384918e+02   6.324702e+02
9.356892e+02   6.270535e+02
9.264118e+02   6.197049e+02
9.140482e+02   6.117896e+02
9.066757e+02   6.078301e+02
9.009210e+02   5.988349e+02
8.916008e+02   5.966277e+02
8.812843e+02   5.941898e+02
8.723023e+02   5.896306e+02
8.618949e+02   5.779224e+02
8.542123e+02   5.761213e+02
8.542948e+02   5.837503e+02
8.604808e+02   5.868286e+02
8.707973e+02   5.941656e+02
8.827283e+02   5.987374e+02
8.942494e+02   6.057597e+02
9.082288e+02   6.066272e+02
9.219346e+02   5.988047e+02
9.352917e+02   5.882487e+02
9.397843e+02   5.745222e+02
9.458364e+02   5.577249e+02
9.504117e+02   5.422459e+02
9.547957e+02   5.248827e+02
9.603572e+02   5.086792e+02
9.693585e+02   4.972958e+02
9.814779e+02   4.848058e+02
9.967169e+02   4.728275e+02
1.014482e+03   4.640729e+02
1.028731e+03   4.568166e+02
1.044430e+03   4.500433e+02
1.058346e+03   4.446353e+02
1.074101e+03   4.356517e+02
1.089820e+03   4.261799e+02
1.110667e+03   4.262047e+02
1.128177e+03   4.353616e+02
1.146420e+03   4.405997e+02
1.162223e+03   4.468771e+02
1.177204e+03   4.523262e+02
1.192191e+03   4.496773e+02
1.204783e+03   4.411508e+02
1.216141e+03   4.389824e+02
1.228153e+03   4.443512e+02
1.235530e+03   4.581787e+02
1.232269e+03   4.727407e+02
1.220665e+03   4.824863e+02
1.204991e+03   4.843693e+02
1.190180e+03   4.806222e+02
1.176712e+03   4.704154e+02
1.171034e+03   4.564687e+02
1.171047e+03   4.423937e+02
1.173584e+03   4.247417e+02
1.178184e+03   4.079658e+02
1.179715e+03   3.884545e+02
1.181344e+03   3.721823e+02
1.184193e+03   3.578416e+02
1.186954e+03   3.421667e+02
1.191454e+03   3.268953e+02
1.196473e+03   3.106386e+02
1.203836e+03   2.976371e+02
1.215102e+03   2.886565e+02
1.227109e+03   2.831350e+02
1.241443e+03   2.833383e+02
1.254498e+03   2.914069e+02
1.263492e+03   3.042420e+02
1.268844e+03   3.184177e+02
1.270373e+03   3.322656e+02
1.270678e+03   3.455073e+02
1.272453e+03   3.562442e+02
1.272142e+03   3.680585e+02
1.273679e+03   3.793864e+02
1.280223e+03   3.911117e+02
1.284099e+03   4.030745e+02
1.289870e+03   4.160511e+02
1.295086e+03   4.243232e+02
1.298902e+03   4.371212e+02
1.306459e+03   4.502891e+02
1.314319e+03   4.592077e+02
1.323205e+03   4.725018e+02
1.327946e+03   4.847732e+02
1.335706e+03   4.957466e+02
1.345838e+03   5.047595e+02
1.354281e+03   5.143127e+02
1.365686e+03   5.243967e+02
1.375091e+03   5.334263e+02
1.382586e+03   5.422470e+02
1.389450e+03   5.487685e+02
1.393139e+03   5.558285e+02
1.397692e+03   5.652985e+02
1.401800e+03   5.762806e+02
1.412478e+03   5.853406e+02
1.421781e+03   5.918587e+02
1.435030e+03   5.972093e+02
1.449740e+03   5.984179e+02
1.462639e+03   6.017386e+02
1.477329e+03   6.041054e+02
1.490533e+03   6.045132e+02
1.503085e+03   6.027001e+02
1.515748e+03   5.982581e+02
1.527633e+03   6.030820e+02
1.535156e+03   6.153337e+02
1.545651e+03   6.243870e+02
1.563119e+03   6.288387e+02
1.575498e+03   6.387259e+02
1.580337e+03   6.525832e+02
1.580919e+03   6.624724e+02
1.576924e+03   6.768115e+02
1.576540e+03   6.914658e+02
1.581918e+03   7.059268e+02
1.592300e+03   7.217240e+02
1.599545e+03   7.382081e+02
1.604401e+03   7.556563e+02
1.603009e+03   7.740328e+02
1.600072e+03   7.918685e+02
1.595927e+03   8.091582e+02
