9.179891e+02   6.272367e+02
9.233689e+02   6.233875e+02
9.366234e+02   6.134110e+02
9.563431e+02   6.102479e+02
9.787117e+02   6.048380e+02
9.855044e+02   5.903723e+02
9.870010e+02   5.678828e+02
9.964109e+02   5.404225e+02
9.926809e+02   5.139149e+02
9.939977e+02   4.872250e+02
9.810468e+02   4.619322e+02
9.728149e+02   4.361711e+02
9.650304e+02   4.161226e+02
9.590639e+02   3.875108e+02
9.587013e+02   3.599825e+02
9.450247e+02   3.407497e+02
9.237869e+02   3.263929e+02
9.085226e+02   3.152658e+02
8.899742e+02   2.997315e+02
8.674582e+02   3.016569e+02
8.429934e+02   3.082705e+02
8.186652e+02   3.044892e+02
7.950451e+02   3.042275e+02
7.704446e+02   3.018676e+02
7.493633e+02   2.996605e+02
7.262601e+02   3.016087e+02
7.038504e+02   2.998698e+02
6.812050e+02   2.977785e+02
6.600479e+02   2.961156e+02
6.391242e+02   2.904415e+02
6.190734e+02   2.838131e+02
6.034429e+02   2.706792e+02
5.879242e+02   2.554348e+02
5.644839e+02   2.521642e+02
5.445649e+02   2.445768e+02
5.238745e+02   2.455509e+02
5.021912e+02   2.477186e+02
4.831778e+02   2.494092e+02
4.649721e+02   252
4.496267e+02   2.493061e+02
4.333972e+02   2.428150e+02
4.214366e+02   2.319328e+02
4.103512e+02   2.197441e+02
3.992870e+02   2.079419e+02
3.854051e+02   2.057893e+02
3.674692e+02   2.143262e+02
3.491132e+02   2.204791e+02
3.331335e+02   2.172414e+02
3.199230e+02   2.108494e+02
3.117331e+02   2.001073e+02
2.988026e+02   1.900918e+02
