9.156662e+02   6.299767e+02
8.981183e+02   6.225938e+02
8.834848e+02   6.068331e+02
8.690408e+02   5.882560e+02
8.609802e+02   5.659166e+02
8.542270e+02   5.440761e+02
8.389196e+02   5.232312e+02
8.287767e+02   5.000025e+02
8.110713e+02   4.776499e+02
7.931304e+02   4.538007e+02
7.776324e+02   4.306912e+02
7.629823e+02   4.080956e+02
7.502926e+02   3.853226e+02
7.336610e+02   3.607663e+02
7.240896e+02   3.343536e+02
7.176544e+02   3.068935e+02
7.248323e+02   2.818787e+02
7.337398e+02   2.610373e+02
7.388598e+02   2.351437e+02
7.433041e+02   2.116421e+02
7.561821e+02   1.870972e+02
7.751855e+02   1.764740e+02
7.949803e+02   1.652366e+02
8.165527e+02   1.554484e+02
8.334406e+02   1.433048e+02
8.360100e+02   1.204314e+02
8.407160e+02   9.409091e+01
8.509245e+02   7.074149e+01
8.717826e+02   5.718913e+01
8.935958e+02   4.531938e+01
9.135186e+02   3.188362e+01
9.331752e+02   3.277260e+01
9.570154e+02   2.914781e+01
977   2.651571e+01
9.984466e+02   2.623017e+01
1.020914e+03   2.615893e+01
1.042247e+03   2.932930e+01
1.056813e+03   4.605446e+01
1.078655e+03   5.937865e+01
1.096361e+03   7.395460e+01
1.116319e+03   8.595613e+01
1.135281e+03   9.820585e+01
1.153293e+03   1.124550e+02
1.173711e+03   1.260797e+02
1.198364e+03   1.355189e+02
1.219691e+03   1.474728e+02
1.233342e+03   1.660400e+02
1.251747e+03   1.818192e+02
1.266576e+03   1.982701e+02
1.281380e+03   2.168326e+02
1.293654e+03   2.339002e+02
1.305726e+03   2.515911e+02
1.320687e+03   2.670582e+02
1.331340e+03   2.842515e+02
1.340246e+03   2.975603e+02
1.345869e+03   3.103341e+02
1.354941e+03   3.236178e+02
1.362448e+03   3.355623e+02
1.368189e+03   3.492548e+02
1.375532e+03   3.605298e+02
1.385208e+03   3.691845e+02
1.396794e+03   3.808431e+02
1.405075e+03   3.941072e+02
1.404367e+03   4.078596e+02
1.402762e+03   4.215115e+02
1.404682e+03   4.364902e+02
1.413450e+03   4.498107e+02
1.418310e+03   4.636500e+02
1.424855e+03   4.779356e+02
