9.307209e+02   6.327602e+02
9.303844e+02   6.309036e+02
9.302332e+02   6.296697e+02
9.305849e+02   6.296893e+02
9.316147e+02   6.283560e+02
9.315968e+02   6.263738e+02
9.319880e+02   6.257156e+02
9.321853e+02   6.252316e+02
9.331342e+02   6.236584e+02
9.347298e+02   6.224715e+02
9.374407e+02   6.215007e+02
9.395760e+02   6.208210e+02
9.414475e+02   6.209550e+02
9.427847e+02   6.224886e+02
9.441914e+02   6.222664e+02
9.437547e+02   6.202844e+02
9.427066e+02   6.197992e+02
9.426475e+02   6.189808e+02
9.426064e+02   6.181954e+02
9.425882e+02   6.167582e+02
9.416905e+02   6.175917e+02
9.403194e+02   6.186675e+02
9.405481e+02   6.195852e+02
9.396297e+02   6.195655e+02
9.390402e+02   6.210669e+02
9.368245e+02   6.237282e+02
9.347814e+02   6.248626e+02
9.328628e+02   6.275000e+02
9.316862e+02   6.300234e+02
9.298228e+02   6.319754e+02
9.292576e+02   6.325637e+02
9.281578e+02   6.326585e+02
9.268993e+02   6.331960e+02
9.250877e+02   6.321588e+02
9.251573e+02   6.312600e+02
9.250362e+02   6.318136e+02
9.261245e+02   6.327815e+02
9.261190e+02   6.341947e+02
9.277410e+02   6.350845e+02
9.297065e+02   6.355896e+02
9.319260e+02   6.330754e+02
9.317184e+02   6.329335e+02
9.327930e+02   6.310729e+02
9.357143e+02   6.274142e+02
937   6.224051e+02
9.374649e+02   6.203769e+02
9.357415e+02   6.162936e+02
9.348680e+02   6.137973e+02
9.317615e+02   6.129973e+02
9.289054e+02   6.130539e+02
9.249209e+02   6.158106e+02
9.236349e+02   6.170489e+02
9.218910e+02   6.198303e+02
9.214785e+02   6.223218e+02
9.167473e+02   6.257106e+02
9.108447e+02   6.264993e+02
9.071015e+02   6.248606e+02
9.046283e+02   6.242305e+02
9.023211e+02   6.241314e+02
9.015899e+02   6.257566e+02
9.013172e+02   6.293434e+02
8.994339e+02   6.336892e+02
8.984241e+02   6.372644e+02
