9.292525e+02   6.134825e+02
9.387441e+02   5.942493e+02
9.490383e+02   5.679617e+02
9.659069e+02   5.461157e+02
9.898338e+02   5.281478e+02
1.017992e+03   5.240236e+02
1.048916e+03   5.457721e+02
1.063003e+03   5.638508e+02
1.086977e+03   5.761406e+02
1.111017e+03   5.902125e+02
1.138674e+03   6.054954e+02
1.162929e+03   6.175812e+02
1.192043e+03   6.216158e+02
1.221335e+03   6.255513e+02
1.247542e+03   6.355668e+02
1.274709e+03   6.273398e+02
1.285563e+03   5.916045e+02
1.264620e+03   5.570191e+02
1.226480e+03   5.486081e+02
1.188795e+03   5.456164e+02
1.160382e+03   5.320482e+02
1.128987e+03   5.135521e+02
1.102097e+03   4.908649e+02
1.076924e+03   4.709080e+02
1.045030e+03   4.566579e+02
1.008384e+03   4.534193e+02
9.696981e+02   4.603058e+02
9.442263e+02   4.742882e+02
9.160131e+02   4.738885e+02
8.834237e+02   4.693286e+02
8.566927e+02   4.555000e+02
8.400871e+02   4.324876e+02
8.189979e+02   4.061552e+02
8.052378e+02   3.737921e+02
7.866480e+02   3.497662e+02
7.522650e+02   3.433809e+02
7.285425e+02   3.585125e+02
7.072484e+02   3.790961e+02
6.890076e+02   4.002142e+02
6.683449e+02   4.203350e+02
6.474491e+02   4.385521e+02
6.266176e+02   4.496918e+02
6.055802e+02   4.582142e+02
5.890840e+02   4.766454e+02
5.696328e+02   4.871518e+02
5.502357e+02   4.931130e+02
5.256695e+02   4.977043e+02
5.039141e+02   4.954426e+02
4.842904e+02   4.941686e+02
4.629474e+02   4.782257e+02
4.495793e+02   4.540094e+02
4.436446e+02   4.253128e+02
4.503147e+02   3.980233e+02
4.725747e+02   3.763786e+02
4.992406e+02   3.724202e+02
5.317012e+02   3.786988e+02
5.634085e+02   3.853879e+02
6.014604e+02   3.998193e+02
6.266767e+02   4.235501e+02
6.457841e+02   4.546774e+02
6.462825e+02   4.836910e+02
6.221820e+02   5.053739e+02
5.931911e+02   5.107250e+02
5.682774e+02   4.998625e+02
5.477109e+02   4.757725e+02
5.364483e+02   4.524581e+02
5.217600e+02   4.261815e+02
5.088716e+02   4.033486e+02
5.096373e+02   3.795504e+02
5.204325e+02   3.649600e+02
5.458561e+02   3.543149e+02
5.696290e+02   3.553577e+02
5.963739e+02   3.612683e+02
6.087993e+02   3.797224e+02
6.253333e+02   3.970871e+02
6.214364e+02   4.210499e+02
6.008275e+02   4.366538e+02
5.736768e+02   4.446051e+02
5.514365e+02   4.468573e+02
5.285579e+02   4.327400e+02
5.187925e+02   4.267963e+02
5.026119e+02   4.137643e+02
4.858212e+02   4.056114e+02
4.644306e+02   3.910871e+02
4.476429e+02   3.729107e+02
4.362198e+02   3.540633e+02
4.386982e+02   3.262350e+02
4.416806e+02   2.977588e+02
4.575954e+02   2.737600e+02
4.852872e+02   2.671018e+02
5.136098e+02   2.768387e+02
5.395945e+02   2.911492e+02
5.651274e+02   3.068095e+02
5.903615e+02   3.167253e+02
6.180440e+02   3.335346e+02
6.420050e+02   3.477198e+02
6.662000e+02   3.627006e+02
6.887232e+02   3.802666e+02
7.042272e+02   4.004432e+02
7.176200e+02   4.232516e+02
7.268588e+02   4.491528e+02
7.383474e+02   4.705605e+02
7.445070e+02   4.978271e+02
7.424393e+02   5.277674e+02
7.359628e+02   5.570761e+02
7.182805e+02   5.809044e+02
6.908701e+02   5.867516e+02
6.617200e+02   5.858741e+02
6.360563e+02   5.808363e+02
6.130173e+02   5.710682e+02
5.976867e+02   5.536769e+02
5.882906e+02   5.332845e+02
5.910243e+02   5.098214e+02
6.005382e+02   4.881389e+02
6.118494e+02   4.679358e+02
6.216290e+02   4.455799e+02
6.346466e+02   4.279460e+02
6.547833e+02   4.161416e+02
6.738479e+02   4.091122e+02
6.957902e+02   4.121236e+02
7.119563e+02   4.213720e+02
7.142771e+02   4.393451e+02
7.142046e+02   4.618121e+02
7.253139e+02   4.829352e+02
7.265266e+02   5.056783e+02
7.200697e+02   5.348487e+02
7.031917e+02   5.598684e+02
6.833174e+02   5.872585e+02
6.663108e+02   6.073759e+02
6.352033e+02   6.138670e+02
6.043958e+02   6.083846e+02
5.809151e+02   5.888677e+02
5.679733e+02   5.634000e+02
5.743530e+02   5.365904e+02
5.973965e+02   5.195424e+02
6.181133e+02   5.118239e+02
6.404015e+02   5.136186e+02
6.627535e+02   5.256791e+02
6.732531e+02   5.461247e+02
6.701017e+02   5.718615e+02
6.665257e+02   6.007240e+02
6.673366e+02   6.283966e+02
6.626476e+02   6.595707e+02
6.442661e+02   6.806931e+02
6.256051e+02   7.048092e+02
6.073740e+02   7.294654e+02
5.847463e+02   7.483697e+02
5.631009e+02   7.494742e+02
5.380486e+02   7.456588e+02
5.076138e+02   7.396759e+02
4.855501e+02   7.304162e+02
4.625123e+02   7.292058e+02
4.373508e+02   7.376973e+02
4.127068e+02   7.462771e+02
3.818646e+02   7.469240e+02
3.602541e+02   7.375512e+02
3.477593e+02   7.215279e+02
3.523841e+02   6.991023e+02
3.587204e+02   6.838939e+02
3.740655e+02   6.637104e+02
3.924412e+02   6.515299e+02
4.100348e+02   6.413326e+02
4.291815e+02   6.367906e+02
4.446482e+02   6.319751e+02
4.523246e+02   6.423669e+02
4.739189e+02   6.483858e+02
4.951513e+02   6.387884e+02
5.227903e+02   6.326280e+02
5.444187e+02   6.228301e+02
5.577210e+02   6.018086e+02
5.525206e+02   5.863071e+02
5.408272e+02   5.691926e+02
5.290462e+02   5.540510e+02
5.182073e+02   5.359882e+02
5.125398e+02   5.181916e+02
