9.137473e+02   6.092728e+02
9.029616e+02   6.062636e+02
8.994405e+02   6.077405e+02
8.980758e+02   6.099269e+02
8.966613e+02   6.115194e+02
8.940898e+02   6.136544e+02
8.928489e+02   6.172389e+02
8.914727e+02   6.220333e+02
8.894637e+02   6.316457e+02
8.880730e+02   6.423062e+02
8.870505e+02   6.541886e+02
8.851277e+02   6.655524e+02
8.817195e+02   6.751208e+02
8.787087e+02   6.878205e+02
8.744920e+02   6.989614e+02
8.668607e+02   7.095462e+02
8.569576e+02   7.174199e+02
8.430672e+02   7.213629e+02
8.302224e+02   7.203935e+02
8.180896e+02   7.111634e+02
8.097297e+02   6.969427e+02
8.074411e+02   6.829060e+02
8.081698e+02   6.685722e+02
8.083677e+02   6.575873e+02
8.042151e+02   6.481474e+02
8.002716e+02   6.377919e+02
7.912636e+02   6.387417e+02
7.805525e+02   6.390823e+02
7.714315e+02   6.389403e+02
7.612467e+02   6.372349e+02
7.501053e+02   6.374447e+02
7.386772e+02   6.416207e+02
7.280183e+02   6.483007e+02
7.180424e+02   6.474721e+02
7.079495e+02   6.390439e+02
6.997400e+02   6.366893e+02
6.895705e+02   6.387973e+02
6.821080e+02   6.405047e+02
6.738413e+02   6.378723e+02
6.655667e+02   6.319923e+02
6.599654e+02   6.244251e+02
6.532872e+02   6.143428e+02
6.539406e+02   6.005032e+02
6.585866e+02   5.851037e+02
6.553329e+02   5.732309e+02
6.568212e+02   5.611244e+02
6.596903e+02   5.461037e+02
6.566123e+02   5.318757e+02
6.567853e+02   5.186597e+02
6.535507e+02   5.052333e+02
6.544054e+02   4.908484e+02
6.546144e+02   4.775823e+02
6.573514e+02   4.659710e+02
6.690421e+02   4.610907e+02
6.833668e+02   4.571425e+02
6.986860e+02   4.548536e+02
7.166407e+02   4.466526e+02
7.289775e+02   4.407868e+02
7.414485e+02   4.415477e+02
7.527005e+02   4.416821e+02
7.654357e+02   4.418728e+02
7.784255e+02   4.486609e+02
7.890942e+02   4.543233e+02
8.026510e+02   4.580993e+02
8.146431e+02   4.580111e+02
8.276081e+02   4.514849e+02
8.354430e+02   4.399718e+02
8.412416e+02   4.275095e+02
8.449612e+02   4.140787e+02
8.410254e+02   3.979566e+02
8.350757e+02   3.877666e+02
8.324095e+02   3.773117e+02
8.181139e+02   3.677820e+02
8.060870e+02   3.608929e+02
7.967020e+02   3.530846e+02
7.836089e+02   3.451290e+02
7.708491e+02   3.353151e+02
758   3.273952e+02
7.453408e+02   3.223579e+02
7.310172e+02   3.206280e+02
7.172874e+02   3.190607e+02
7.045161e+02   3.110349e+02
7.001984e+02   2.968463e+02
6.986969e+02   2.812651e+02
6.971396e+02   2.661269e+02
6.920328e+02   2.555202e+02
6.903657e+02   2.429950e+02
6.874526e+02   2.300265e+02
6.798922e+02   2.217117e+02
6.752863e+02   2.111566e+02
6.686893e+02   2.024704e+02
6.577269e+02   1.993385e+02
6.584288e+02   1.878420e+02
6.566929e+02   1.792359e+02
6.508018e+02   1.727792e+02
6.433411e+02   1.648744e+02
6.311856e+02   1.618278e+02
6.213561e+02   1.593969e+02
6.129856e+02   1.544010e+02
6.052472e+02   1.484578e+02
5.968795e+02   1.408971e+02
5.842451e+02   1.387365e+02
5.734813e+02   1.417720e+02
5.627855e+02   1.476182e+02
5.532691e+02   1.525120e+02
5.446843e+02   1.576584e+02
5.355403e+02   1.607690e+02
5.256864e+02   1.634680e+02
5.159030e+02   1.675315e+02
5.092434e+02   1.725075e+02
5.009008e+02   1.755283e+02
4.920339e+02   1.809255e+02
4.849117e+02   1.890530e+02
4.764243e+02   1.976462e+02
4.649855e+02   2.007349e+02
4.584080e+02   2.046413e+02
4.556446e+02   2.119675e+02
4.510405e+02   2.197298e+02
4.427243e+02   2.250046e+02
4.346986e+02   2.303591e+02
4.253688e+02   2.340751e+02
4.172301e+02   2.383820e+02
4.109708e+02   2.434371e+02
4.013993e+02   2.472264e+02
3.938196e+02   2.537183e+02
3.834796e+02   2.579232e+02
3.805301e+02   2.678661e+02
3.803537e+02   2.763345e+02
3.759121e+02   2.862751e+02
3.728238e+02   2.949020e+02
3.708445e+02   3.030380e+02
3.702856e+02   3.115734e+02
3.668076e+02   3.208178e+02
3.639011e+02   3.308841e+02
3.589444e+02   3.396431e+02
3.482716e+02   3.462317e+02
3.382860e+02   3.527295e+02
3.281761e+02   3.563178e+02
3.164709e+02   3.520823e+02
3.042447e+02   3.479492e+02
2.960620e+02   3.494424e+02
2.935530e+02   3.571324e+02
2.893473e+02   3.647835e+02
2.834881e+02   3.718254e+02
2.805924e+02   3.782281e+02
2.779478e+02   3.849781e+02
2.748674e+02   3.909947e+02
2.715965e+02   3.987977e+02
2.746818e+02   4.034069e+02
2.814514e+02   4.084717e+02
2.842407e+02   4.162397e+02
2.822427e+02   4.229478e+02
