9.254007e+02   6.354370e+02
9.209870e+02   6.568563e+02
9.012506e+02   6.754206e+02
8.758634e+02   6.799037e+02
8.550702e+02   6.687486e+02
8.286743e+02   6.523773e+02
8.117973e+02   6.256149e+02
8.139930e+02   5.931127e+02
8.212786e+02   5.611559e+02
8.335659e+02   5.297993e+02
8.535693e+02   5.018884e+02
8.749205e+02   4.817401e+02
8.945468e+02   4.629726e+02
9.052676e+02   4.415283e+02
9.174697e+02   4.187532e+02
9.322654e+02   3.975000e+02
9.401504e+02   3.717764e+02
9.355938e+02   3.490602e+02
9.211798e+02   3.306360e+02
8.992801e+02   3.197279e+02
8.755414e+02   3.171057e+02
8.537126e+02   3.078216e+02
8.388735e+02   2.955649e+02
8.255033e+02   2.834412e+02
8.070734e+02   2.712460e+02
7.867549e+02   2.616253e+02
7.624735e+02   2.542113e+02
7.443051e+02   2.433216e+02
7.274406e+02   2.259478e+02
7.100188e+02   2.091023e+02
6.874868e+02   1.958377e+02
6.611586e+02   1.891617e+02
6.330978e+02   1.920861e+02
6.072101e+02   2.004123e+02
5.835824e+02   2.176920e+02
5.675885e+02   2.385420e+02
5.517272e+02   2.545957e+02
5.341388e+02   2.654985e+02
5.216583e+02   2.848232e+02
5.106466e+02   3.026107e+02
4.920818e+02   3.204196e+02
4.797495e+02   3.400124e+02
4.668119e+02   3.596862e+02
4.532610e+02   3.701209e+02
4.363488e+02   3.784552e+02
4.141231e+02   3.819413e+02
3.985482e+02   3.634956e+02
3.869267e+02   3.444013e+02
3.788148e+02   3.209741e+02
3.731821e+02   2.978577e+02
3.710368e+02   2.741465e+02
3.733663e+02   2.533608e+02
3.740519e+02   2.323131e+02
3.786661e+02   2.115166e+02
3.933276e+02   1.894784e+02
4.115085e+02   1.702184e+02
4.268230e+02   1.523849e+02
4.418826e+02   1.310219e+02
4.505221e+02   1.136320e+02
4.602569e+02   9.740481e+01
4.766426e+02   8.120158e+01
5.061833e+02   7.114519e+01
5.301233e+02   6.519779e+01
5.536589e+02   5.829758e+01
5.755547e+02   6.120154e+01
5.912751e+02   5.449526e+01
6.000920e+02   4.476954e+01
6.172682e+02   3.922396e+01
6.333661e+02   2.754528e+01
6.384651e+02   2.612022e+01
6.516058e+02   2.358744e+01
6.727974e+02   2.866759e+01
6.924008e+02   2.408300e+01
7.043834e+02   2.743865e+01
7.128052e+02   2.184623e+01
7.343529e+02   2.411527e+01
7.628264e+02   2.297275e+01
7.784139e+02   2.955120e+01
7.909193e+02   4.897001e+01
8.088482e+02   6.835079e+01
8.296674e+02   8.869948e+01
8.483094e+02   1.083042e+02
8.660474e+02   1.269461e+02
8.829354e+02   1.411959e+02
8.984658e+02   1.555079e+02
9.126874e+02   1.691557e+02
9.268943e+02   1.770708e+02
9.377733e+02   1.825200e+02
9.486092e+02   1.928365e+02
9.622139e+02   2.087807e+02
9.741169e+02   2.189037e+02
9.869845e+02   2.315438e+02
9.998612e+02   2.419574e+02
1.010552e+03   2.552423e+02
1.024273e+03   2.563341e+02
1.036595e+03   2.508362e+02
1.044857e+03   2.409900e+02
1.054101e+03   2.315303e+02
1.061663e+03   2.240574e+02
1.067052e+03   2.228396e+02
1.076741e+03   2.179203e+02
1.089742e+03   2.116297e+02
1.103186e+03   2.162664e+02
1.116141e+03   2.162111e+02
1.129664e+03   2.232032e+02
1.141941e+03   2.244749e+02
1.150579e+03   2.155372e+02
1.162011e+03   2.079097e+02
1.178252e+03   2.059586e+02
1.190249e+03   1.971099e+02
1.198642e+03   1.846872e+02
1.216346e+03   1.843688e+02
1.232087e+03   1.858238e+02
1.243657e+03   1.774775e+02
1.251775e+03   1.577857e+02
1.246169e+03   1.450525e+02
1.238072e+03   1.309267e+02
1.222160e+03   1.168969e+02
1.195591e+03   1.032676e+02
1.167285e+03   8.894708e+01
1.146411e+03   7.377313e+01
1.131551e+03   6.100556e+01
1.115947e+03   4.124894e+01
