9.036736e+02   6.152116e+02
8.907259e+02   6.171658e+02
8.824625e+02   6.244316e+02
1.035231e+03   6.811407e+02
1.055573e+03   6.775939e+02
1.074030e+03   6.655612e+02
1.092233e+03   6.563042e+02
1.103040e+03   6.415627e+02
1.110121e+03   6.240450e+02
1.118524e+03   6.100500e+02
1.129362e+03   6.016040e+02
1.139060e+03   5.902238e+02
1.147113e+03   5.781085e+02
1.159098e+03   5.637492e+02
1.170666e+03   5.492513e+02
1.177119e+03   5.314040e+02
1.187383e+03   5.223681e+02
1.203133e+03   5.226734e+02
1.216233e+03   5.188326e+02
1.230004e+03   5.144630e+02
1.239702e+03   5.062308e+02
1.247497e+03   4.937114e+02
1.252493e+03   4.811346e+02
1.253639e+03   4.650094e+02
1.247747e+03   4.521877e+02
1.242403e+03   4.396648e+02
1.246021e+03   4.306333e+02
1.246236e+03   4.192257e+02
1.243570e+03   4.039920e+02
1.239344e+03   3.908349e+02
1.230293e+03   3.797340e+02
1.218252e+03   3.725034e+02
1.209611e+03   3.656649e+02
1.202832e+03   3.552030e+02
1.200584e+03   3.429673e+02
1.195543e+03   3.288775e+02
1.184646e+03   3.132438e+02
1.177443e+03   2.952409e+02
1.168509e+03   2.778106e+02
1.159826e+03   2.618984e+02
1.152436e+03   2.459474e+02
1.139748e+03   2.354142e+02
1.124857e+03   2.259734e+02
1.112818e+03   2.127156e+02
1.104255e+03   1.971879e+02
1.087146e+03   1.967573e+02
1.072881e+03   1.935886e+02
1.057249e+03   1.817589e+02
1.041812e+03   1.749830e+02
1.028747e+03   1.860284e+02
1.020483e+03   2.020965e+02
1.020197e+03   2.203847e+02
1.028426e+03   2.366280e+02
1.042163e+03   2.493064e+02
1.058853e+03   2.583261e+02
1.075123e+03   2.646902e+02
1.087712e+03   2.751378e+02
1.106642e+03   2.778945e+02
1.125703e+03   2.753750e+02
1.142848e+03   2.664045e+02
1.157518e+03   2.557889e+02
1.173419e+03   2.451835e+02
1.187446e+03   2.369960e+02
1.203096e+03   2.319555e+02
1.217387e+03   2.275799e+02
1.232153e+03   2.228528e+02
1.249785e+03   2.249625e+02
1.268393e+03   2.207710e+02
1.286176e+03   2.136697e+02
1.298063e+03   2.011898e+02
1.310920e+03   1.900115e+02
1.326067e+03   1.828122e+02
1.342053e+03   1.752112e+02
1.356715e+03   1.605743e+02
1.365752e+03   1.445831e+02
1.377834e+03   1.301966e+02
1.390874e+03   1.144371e+02
1.400679e+03   9.947431e+01
1.402345e+03   8.114464e+01
1.411374e+03   6.587743e+01
1.422812e+03   5.276139e+01
