9.412369e+02   6.203317e+02
9.362818e+02   6.213657e+02
9.334264e+02   6.220777e+02
9.282886e+02   6.229894e+02
9.223939e+02   6.212448e+02
9.186002e+02   6.181492e+02
9.140742e+02   6.135921e+02
9.097574e+02   6.107182e+02
9.040012e+02   6.076439e+02
8.989429e+02   6.052176e+02
8.939287e+02   6.022592e+02
8.877722e+02   5.982014e+02
8.800255e+02   5.942287e+02
8.764304e+02   5.912266e+02
8.709135e+02   5.882608e+02
8.688724e+02   5.802657e+02
8.649403e+02   5.725581e+02
8.590374e+02   5.701424e+02
8.569958e+02   5.640584e+02
8.549740e+02   5.578979e+02
8.529522e+02   5.518742e+02
8.508900e+02   5.476927e+02
8.472991e+02   5.415529e+02
8.488526e+02   5.377329e+02
8.495100e+02   5.344511e+02
8.546387e+02   5.285906e+02
8.595639e+02   5.258575e+02
8.655066e+02   5.222473e+02
8.705979e+02   5.199383e+02
8.752527e+02   5.170181e+02
8.800783e+02   5.138627e+02
8.846019e+02   5.100663e+02
8.884211e+02   5.064462e+02
8.928619e+02   5.027911e+02
8.966587e+02   5.006253e+02
8.997844e+02   4.983341e+02
9.032773e+02   4.956627e+02
9.066789e+02   4.946139e+02
9.121547e+02   4.917578e+02
9.143293e+02   4.889879e+02
9.181020e+02   4.844567e+02
9.233159e+02   4.815641e+02
9.275501e+02   4.790978e+02
9.314214e+02   4.767899e+02
9.375886e+02   4.771688e+02
9.449022e+02   4.775395e+02
9.490899e+02   4.788933e+02
9.535713e+02   4.808048e+02
9.566773e+02   4.835497e+02
9.602934e+02   4.850329e+02
9.652843e+02   4.889424e+02
9.699657e+02   4.922908e+02
9.746334e+02   4.952536e+02
9.787667e+02   4.979891e+02
9.827000e+02   5.012429e+02
9.888621e+02   5.054542e+02
9.931653e+02   5.088216e+02
9.971754e+02   5.123938e+02
1.002083e+03   5.151061e+02
1.006603e+03   5.170614e+02
1.010858e+03   5.196809e+02
1.015401e+03   5.224129e+02
1.019192e+03   5.248115e+02
1.024769e+03   5.278940e+02
1.027170e+03   5.311311e+02
1.028290e+03   5.321166e+02
1.031546e+03   5.348123e+02
1.035028e+03   5.369201e+02
1.039153e+03   5.393120e+02
1.041104e+03   5.407422e+02
1.043129e+03   5.497338e+02
1.047006e+03   5.535648e+02
1.049084e+03   5.575605e+02
