9.410128e+02   6.338040e+02
9.445381e+02   6.412891e+02
9.431316e+02   6.504696e+02
9.390070e+02   6.642137e+02
9.295329e+02   6.767669e+02
9.167513e+02   6.791985e+02
9.006159e+02   6.752390e+02
8.854906e+02   6.773694e+02
8.753976e+02   6.921493e+02
8.706450e+02   7.089760e+02
8.690665e+02   7.304359e+02
8.721574e+02   7.532176e+02
8.707892e+02   7.739458e+02
8.632977e+02   7.951685e+02
8.562336e+02   8.090706e+02
8.450234e+02   8.253675e+02
8.373420e+02   8.369408e+02
8.283643e+02   8.506122e+02
8.188034e+02   8.638024e+02
8.039694e+02   8.779316e+02
7.872681e+02   8.903193e+02
7.694082e+02   9.025186e+02
7.500888e+02   9.131500e+02
7.319506e+02   9.156315e+02
7.119953e+02   9.198610e+02
6.903636e+02   9.263318e+02
6.696135e+02   9.288081e+02
6.480056e+02   9.339160e+02
6.269218e+02   9.405918e+02
6.088319e+02   9.453970e+02
5.923479e+02   9.520384e+02
5.753166e+02   9.591914e+02
5.594799e+02   9.670894e+02
5.417221e+02   9.795897e+02
5.272547e+02   9.918986e+02
5.135812e+02   1.003902e+03
5.009983e+02   1.016799e+03
4.870609e+02   1.034014e+03
4.700548e+02   1.046956e+03
4.515696e+02   1.052657e+03
4.359251e+02   1.048352e+03
4.226214e+02   1.041580e+03
4.082538e+02   1.039016e+03
3.948145e+02   1.039074e+03
3.837111e+02   1.031280e+03
3.725693e+02   1.022595e+03
3.599825e+02   1.010616e+03
3.559984e+02   9.912578e+02
3.445473e+02   9.774324e+02
3.309992e+02   973
3.196531e+02   9.669877e+02
3.057034e+02   9.639939e+02
2.906837e+02   9.611924e+02
2.777663e+02   9.588757e+02
2.657798e+02   9.553993e+02
2.556204e+02   9.455849e+02
2.465265e+02   9.345163e+02
2.294545e+02   9.283229e+02
2.161133e+02   9.208177e+02
