9.330757e+02   6.121875e+02
9.398260e+02   5.839274e+02
9.618809e+02   5.504609e+02
9.832331e+02   5.157838e+02
1.007953e+03   4.889651e+02
1.030895e+03   4.521114e+02
1.053770e+03   4.126898e+02
1.089889e+03   4.016397e+02
1.122640e+03   4.231514e+02
1.152443e+03   4.455718e+02
1.186429e+03   4.629135e+02
1.216155e+03   4.882165e+02
1.235130e+03   5.121257e+02
1.249881e+03   5.431338e+02
1.270467e+03   5.691284e+02
1.286101e+03   6.001208e+02
1.304557e+03   6.277821e+02
1.343517e+03   6.356241e+02
1.378826e+03   6.374765e+02
1.415734e+03   6.450271e+02
1.450138e+03   6.508050e+02
1.485073e+03   6.467167e+02
1.516735e+03   6.317179e+02
1.534635e+03   5.936230e+02
1.544173e+03   5.523134e+02
1.537380e+03   5.100011e+02
1.508245e+03   4.823548e+02
1.473412e+03   4.674540e+02
1.438311e+03   4.422896e+02
1.403701e+03   4.207526e+02
1.375283e+03   4.036483e+02
1.348899e+03   3.902899e+02
1.323907e+03   3.665950e+02
1.299297e+03   3.459854e+02
1.279704e+03   3.175058e+02
1.258418e+03   2.915358e+02
1.231300e+03   2.661134e+02
1.207868e+03   2.403630e+02
1.178403e+03   2.229868e+02
1.156684e+03   1.958828e+02
1.131731e+03   1.738790e+02
1.108584e+03   1.498171e+02
1.079970e+03   1.342923e+02
1.050103e+03   1.213622e+02
1.021847e+03   1.028339e+02
9.928136e+02   8.464478e+01
9.708943e+02   5.911379e+01
9.430114e+02   3.372045e+01
