9.258910e+02   6.194193e+02
9.258557e+02   6.023371e+02
9.463186e+02   5.940513e+02
9.724585e+02   5.884016e+02
1.002707e+03   5.911293e+02
1.030806e+03   5.988834e+02
1.053687e+03   6.172032e+02
1.055446e+03   6.488919e+02
1.034387e+03   6.789147e+02
1.009608e+03   7.008186e+02
9.845542e+02   7.244502e+02
9.661147e+02   7.493000e+02
9.517594e+02   7.786660e+02
9.473851e+02   8.040798e+02
9.478869e+02   8.333425e+02
9.616137e+02   8.628226e+02
9.837330e+02   8.859639e+02
1.009944e+03   8.975858e+02
1.036486e+03   9.054312e+02
1.065860e+03   9.118330e+02
1.094811e+03   9.066939e+02
1.123971e+03   8.945120e+02
1.144969e+03   8.796380e+02
1.163635e+03   8.631032e+02
1.187576e+03   8.484071e+02
1.202631e+03   8.310866e+02
1.214145e+03   8.061033e+02
1.224726e+03   7.833114e+02
1.241189e+03   7.615102e+02
1.260006e+03   7.466086e+02
1.278900e+03   7.312186e+02
1.294434e+03   7.128805e+02
1.317645e+03   6.999208e+02
1.337432e+03   6.868902e+02
1.357710e+03   6.754803e+02
1.374489e+03   6.677867e+02
1.390440e+03   6.603440e+02
1.407806e+03   6.591832e+02
1.426347e+03   6.573650e+02
1.443287e+03   6.651891e+02
1.454222e+03   6.822481e+02
1.470847e+03   6.907526e+02
1.487238e+03   6.979938e+02
1.505347e+03   7.061675e+02
1.524607e+03   7.055948e+02
1.543113e+03   7.095727e+02
1.563285e+03   7.023496e+02
1.584072e+03   6.908985e+02
1.595491e+03   6.702010e+02
1.599382e+03   6.482586e+02
1.602654e+03   6.227456e+02
1.614219e+03   6.008876e+02
1.619200e+03   5.751391e+02
1.628421e+03   5.540077e+02
1.646038e+03   5.383821e+02
1.670062e+03   5.329574e+02
1.692720e+03   5.305813e+02
