9.311777e+02   6.384913e+02
9.285170e+02   6.552768e+02
9.278885e+02   6.754749e+02
9.275842e+02   6.943985e+02
9.349080e+02   7.133993e+02
9.550136e+02   7.235278e+02
9.787814e+02   7.292986e+02
1.000827e+03   7.374687e+02
1.023506e+03   7.398685e+02
1.047136e+03   7.353731e+02
1.065606e+03   7.415602e+02
1.077109e+03   7.564475e+02
1.080986e+03   7.799097e+02
1.085123e+03   8.022786e+02
1.084342e+03   8.251832e+02
1.075798e+03   8.461174e+02
1.069098e+03   8.688463e+02
1.067916e+03   8.902995e+02
1.068066e+03   9.132424e+02
1.069077e+03   9.380948e+02
1.079148e+03   9.579321e+02
1.091158e+03   9.777029e+02
1.101076e+03   9.961579e+02
1.111095e+03   1.012110e+03
1.122738e+03   1.025149e+03
1.132555e+03   1.041245e+03
1.141752e+03   1.054710e+03
1.151587e+03   1.070875e+03
1.162102e+03   1.089096e+03
1.175288e+03   1.103329e+03
1.189870e+03   1.116116e+03
1.203081e+03   1.127041e+03
1.215406e+03   1.138504e+03
1.229434e+03   1.150044e+03
1.239221e+03   1.162992e+03
1.255290e+03   1.172582e+03
1.267260e+03   1.182066e+03
1.274002e+03   1.196985e+03
1.286574e+03   1.209905e+03
1.301812e+03   1.219666e+03
1.317558e+03   1.230056e+03
1.325564e+03   1.242609e+03
1.336907e+03   1.252973e+03
