9.340275e+02   6.141268e+02
9.350570e+02   6.139674e+02
9.405866e+02   6.212212e+02
9.453489e+02   6.393606e+02
9.451602e+02   6.642175e+02
9.445185e+02   6.823239e+02
9.484031e+02   7.065043e+02
9.306387e+02   7.308350e+02
9.077507e+02   7.306631e+02
8.909799e+02   7.280230e+02
8.742099e+02   7.357748e+02
8.571433e+02   7.534329e+02
8.370103e+02   7.681042e+02
8.188066e+02   7.783747e+02
8.028707e+02   7.908413e+02
7.980993e+02   8.166562e+02
7.895210e+02   8.376272e+02
7.732205e+02   8.553433e+02
7.556888e+02   8.708748e+02
7.383689e+02   8.946830e+02
7.228652e+02   9.150117e+02
7.089671e+02   9.365107e+02
6.959965e+02   9.695385e+02
6.940892e+02   9.968950e+02
6.708908e+02   1.010358e+03
6.403483e+02   1.016299e+03
6.060387e+02   1.014418e+03
5.746928e+02   1.015769e+03
5.471988e+02   1.023573e+03
5.158158e+02   1.044401e+03
5.112473e+02   1.063489e+03
5.137199e+02   1.083200e+03
5.106387e+02   1.106966e+03
5.126581e+02   1.130341e+03
5.146010e+02   1.155296e+03
5.122963e+02   1.175877e+03
5.068476e+02   1.198078e+03
5.003617e+02   1.224507e+03
4.981034e+02   1.253960e+03
