9.357464e+02   6.297901e+02
9.358667e+02   6.298955e+02
9.387054e+02   6.275113e+02
9.428104e+02   6.230806e+02
9.444117e+02   6.199803e+02
9.481626e+02   6.162742e+02
9.504916e+02   6.128093e+02
9.535937e+02   6.088828e+02
9.565640e+02   6.072446e+02
9.621180e+02   6.015109e+02
9.676027e+02   5.974748e+02
9.725372e+02   5.941870e+02
9.777278e+02   5.924641e+02
9.843077e+02   5.869677e+02
9.886650e+02   5.845795e+02
9.929638e+02   5.804940e+02
9.971063e+02   5.748620e+02
1.000947e+03   5.701575e+02
1.005044e+03   5.636869e+02
1.010990e+03   5.556149e+02
1.017232e+03   5.492937e+02
1.021931e+03   5.433990e+02
1.026541e+03   5.429810e+02
1.029524e+03   5.367224e+02
1.034562e+03   5.299720e+02
1.037760e+03   5.245694e+02
1.040541e+03   5.192248e+02
1.045463e+03   5.122205e+02
1.048278e+03   5.063154e+02
1.049829e+03   5.022349e+02
1.050084e+03   4.994070e+02
1.049804e+03   4.980488e+02
1.049571e+03   4.910850e+02
1.049445e+03   4.822183e+02
1.049903e+03   4.752130e+02
1.049839e+03   4.687553e+02
1.050161e+03   4.614778e+02
1.051576e+03   4.546398e+02
1.053868e+03   4.464711e+02
1.055988e+03   4.406197e+02
1.057172e+03   4.350349e+02
1.060957e+03   4.298548e+02
1.064803e+03   4.268228e+02
1.068034e+03   4.245726e+02
1.070649e+03   4.170641e+02
1.074874e+03   4.126810e+02
1.075348e+03   4.047463e+02
1.078964e+03   3.975234e+02
1.082489e+03   3.899788e+02
1.082928e+03   3.836515e+02
1.085865e+03   3.731181e+02
1.087727e+03   3.666393e+02
1.089698e+03   3.599528e+02
1.091376e+03   3.522321e+02
1.093832e+03   3.446915e+02
1.095951e+03   3.395968e+02
1.098385e+03   3.336748e+02
1.101165e+03   3.274189e+02
1.103100e+03   3.205249e+02
1.105076e+03   3.154740e+02
1.106818e+03   3.072200e+02
1.108842e+03   3.027700e+02
1.112502e+03   2.958061e+02
1.116912e+03   2.889186e+02
1.123139e+03   2.814827e+02
1.128900e+03   2.775624e+02
1.134704e+03   2.717409e+02
1.139072e+03   2.638627e+02
1.143308e+03   2.555742e+02
1.147325e+03   2.484141e+02
1.149921e+03   2.412222e+02
1.152132e+03   2.336417e+02
1.154657e+03   2.241604e+02
1.157403e+03   2.174157e+02
1.161432e+03   2.124720e+02
1.166931e+03   2.065791e+02
1.175243e+03   2.010363e+02
1.183997e+03   1.964302e+02
1.192769e+03   1.920350e+02
1.199413e+03   1.883383e+02
1.210462e+03   1.845214e+02
1.218869e+03   1.800629e+02
1.228761e+03   1.759080e+02
1.236795e+03   1.725370e+02
1.246242e+03   1.715908e+02
1.256194e+03   1.717814e+02
1.265146e+03   1.714374e+02
1.273332e+03   1.716097e+02
1.277008e+03   1.725069e+02
1.284118e+03   1.735656e+02
1.290013e+03   1.752826e+02
1.297115e+03   1.776863e+02
1.304828e+03   1.809523e+02
1.312597e+03   1.827189e+02
1.320321e+03   1.858899e+02
1.328926e+03   1.889406e+02
1.332692e+03   1.911506e+02
1.341338e+03   1.951636e+02
1.349202e+03   1.995417e+02
1.356926e+03   2.053202e+02
1.365676e+03   2.142831e+02
1.372202e+03   2.199817e+02
1.376739e+03   2.268123e+02
1.381708e+03   2.331976e+02
1.386884e+03   2.398675e+02
1.389886e+03   2.467773e+02
1.393036e+03   2.526832e+02
1.398137e+03   2.614333e+02
1.403763e+03   2.659817e+02
1.407998e+03   2.716689e+02
1.413482e+03   2.787507e+02
1.417035e+03   2.853725e+02
