9.104740e+02   6.387980e+02
8.950051e+02   6.516189e+02
8.757975e+02   6.668742e+02
8.511013e+02   6.777213e+02
8.267913e+02   7.000267e+02
7.963909e+02   7.097056e+02
7.683750e+02   7.118283e+02
7.406589e+02   7.233575e+02
7.120413e+02   7.316816e+02
6.814762e+02   7.272799e+02
6.516181e+02   7.330336e+02
6.253260e+02   7.438561e+02
5.981918e+02   7.509064e+02
5.696777e+02   7.432981e+02
5.422997e+02   7.324215e+02
5.127063e+02   7.249957e+02
4.864543e+02   7.303415e+02
4.560832e+02   7.381419e+02
4.311985e+02   7.564761e+02
4.055940e+02   7.744676e+02
3.805197e+02   7.916067e+02
3.566763e+02   8.098386e+02
3.360847e+02   8.294054e+02
3.241283e+02   8.521831e+02
3.054440e+02   8.744321e+02
2.878783e+02   8.986885e+02
2.710747e+02   9.203995e+02
2.494714e+02   9.344550e+02
2.360858e+02   9.545854e+02
2.227343e+02   9.753800e+02
