9.126144e+02   6.183496e+02
9.094313e+02   6.176679e+02
9.026081e+02   6.239538e+02
8.920970e+02   6.358072e+02
8.782272e+02   6.395755e+02
8.625558e+02   6.418016e+02
8.477006e+02   6.390409e+02
8.311109e+02   6.317545e+02
8.154492e+02   6.258118e+02
7.958324e+02   6.240849e+02
7.794747e+02   6.295892e+02
7.666048e+02   6.430022e+02
7.482723e+02   6.469206e+02
7.325925e+02   6.506800e+02
7.160366e+02   6.497436e+02
6.997651e+02   6.437360e+02
6.845375e+02   6.420053e+02
6.699808e+02   6.402529e+02
6.561275e+02   6.475930e+02
6.408885e+02   6.529416e+02
6.233741e+02   6.503246e+02
6.067210e+02   6.540784e+02
5.957285e+02   6.560430e+02
5.821589e+02   6.616171e+02
5.705765e+02   6.751031e+02
5.605437e+02   6.838386e+02
5.522536e+02   6.950418e+02
5.492409e+02   7.134504e+02
5.468096e+02   7.281535e+02
5.495874e+02   7.431289e+02
5.511920e+02   7.578060e+02
5.507402e+02   7.737884e+02
5.534701e+02   7.880110e+02
5.570169e+02   8.006197e+02
5.613962e+02   8.139431e+02
5.701616e+02   8.245341e+02
5.834298e+02   8.305257e+02
5.937364e+02   8.339950e+02
6.049313e+02   8.412051e+02
6.131410e+02   8.485223e+02
6.245576e+02   8.540957e+02
6.293156e+02   8.616615e+02
6.280673e+02   8.737600e+02
6.287300e+02   8.866030e+02
6.371709e+02   9.011292e+02
6.369057e+02   9.128656e+02
6.326503e+02   9.267722e+02
6.359120e+02   9.407210e+02
6.386448e+02   9.525184e+02
6.357442e+02   9.664764e+02
6.341250e+02   9.797307e+02
6.247527e+02   9.907140e+02
6.150402e+02   1.001274e+03
6.054497e+02   1.012260e+03
5.903353e+02   1.020764e+03
5.806923e+02   1.030461e+03
5.688386e+02   1.038687e+03
5.590850e+02   1.045454e+03
5.488907e+02   1.050198e+03
5.343913e+02   1.049743e+03
5.175529e+02   1.048765e+03
5.036789e+02   1.049180e+03
4.909390e+02   1.047244e+03
4.793671e+02   1.046228e+03
4.635192e+02   1.044855e+03
4.514540e+02   1.046292e+03
4.394296e+02   1.043963e+03
4.260278e+02   1.039554e+03
4.121393e+02   1.040641e+03
4.023468e+02   1.040090e+03
3.931790e+02   1.038359e+03
3.838105e+02   1.033124e+03
3.726707e+02   1.026820e+03
3.605117e+02   1.017520e+03
3.501339e+02   1.010983e+03
3.397533e+02   1.004463e+03
3.303701e+02   9.963099e+02
3.220453e+02   9.927158e+02
3.146630e+02   9.898404e+02
3.058916e+02   9.866490e+02
2.959883e+02   9.806244e+02
2.876963e+02   9.778105e+02
2.767849e+02   9.768916e+02
