9.323054e+02   6.286701e+02
9.286411e+02   6.278037e+02
9.266522e+02   6.282826e+02
9.231361e+02   6.304847e+02
9.181285e+02   6.391728e+02
9.173078e+02   6.564263e+02
9.230406e+02   6.753420e+02
9.371356e+02   6.897064e+02
9.550473e+02   7.022851e+02
9.733598e+02   7.130246e+02
9.915450e+02   7.243889e+02
1.005353e+03   7.394277e+02
1.013231e+03   7.632826e+02
1.020836e+03   7.860947e+02
1.020817e+03   8.107799e+02
1.015103e+03   8.369529e+02
1.006681e+03   8.591223e+02
9.988559e+02   8.815973e+02
9.888120e+02   9.020969e+02
9.753731e+02   9.268948e+02
9.621810e+02   9.508222e+02
9.427791e+02   9.688597e+02
9.187625e+02   9.827207e+02
8.934210e+02   9.932599e+02
8.722128e+02   1.007622e+03
8.473369e+02   1.016788e+03
8.239332e+02   1.023641e+03
7.979934e+02   1.029402e+03
7.745720e+02   1.037293e+03
7.500504e+02   1.046092e+03
7.248333e+02   1.053724e+03
7.027179e+02   1.061276e+03
6.793609e+02   1.074997e+03
6.577124e+02   1.088306e+03
6.355965e+02   1.101993e+03
6.124781e+02   1.111450e+03
5.902337e+02   1.123098e+03
5.711335e+02   1.140324e+03
5.535111e+02   1.157232e+03
5.293737e+02   1.170973e+03
5.046990e+02   1.184777e+03
4.835185e+02   1.197486e+03
4.603401e+02   1.209438e+03
4.382933e+02   1.222276e+03
