9.352701e+02   7.755021e+02
9.504101e+02   7.539508e+02
9.694624e+02   7.411704e+02
9.861662e+02   7.324912e+02
9.982917e+02   7.165389e+02
1.004975e+03   6.989154e+02
1.006133e+03   6.808470e+02
1.010199e+03   6.606038e+02
1.002587e+03   6.376072e+02
9.901204e+02   6.247478e+02
9.749283e+02   6.109795e+02
9.559256e+02   6.027875e+02
9.350623e+02   6.005285e+02
9.156408e+02   6.011553e+02
9.007706e+02   6.086446e+02
8.837751e+02   6.120188e+02
8.666683e+02   6.152859e+02
8.507383e+02   6.141643e+02
8.376568e+02   6.082460e+02
8.196774e+02   6.017172e+02
8.033486e+02   5.926636e+02
7.912174e+02   5.776653e+02
7.747336e+02   5.593088e+02
7.569621e+02   5.464154e+02
7.457387e+02   5.334212e+02
7.317316e+02   5.202038e+02
7.137235e+02   5.072391e+02
6.990245e+02   4.897135e+02
6.885218e+02   4.693512e+02
6.882845e+02   4.471542e+02
6.830892e+02   4.285302e+02
6.706302e+02   4.142338e+02
6.548585e+02   4.013432e+02
6.399627e+02   3.896087e+02
6.243460e+02   3.774590e+02
6.133685e+02   3.575505e+02
6.119988e+02   3.406099e+02
6.078331e+02   3.217485e+02
5.963377e+02   3.003198e+02
5.863864e+02   2.856670e+02
5.769422e+02   2.719660e+02
5.672940e+02   2.554607e+02
5.594845e+02   2.380664e+02
5.575408e+02   2.186872e+02
5.644758e+02   1.996300e+02
5.813871e+02   1.857619e+02
9.352777e+02   6.280668e+02
9.290131e+02   6.230432e+02
9.217336e+02   6.154453e+02
9.122800e+02   6.085480e+02
9.032744e+02   6.025100e+02
8.939763e+02   5.982973e+02
8.782940e+02   5.927091e+02
8.647639e+02   5.896438e+02
8.513127e+02   5.896995e+02
8.361861e+02   5.791944e+02
8.198279e+02   5.792162e+02
7.958771e+02   5.669917e+02
7.800169e+02   5.446267e+02
7.708120e+02   5.218246e+02
7.672080e+02   4.954509e+02
7.637481e+02   4.720174e+02
7.549195e+02   4.518253e+02
7.366662e+02   4.398299e+02
7.248888e+02   4.197998e+02
7.148617e+02   3.971988e+02
7.059429e+02   3.773486e+02
6.985314e+02   3.536054e+02
6.960800e+02   3.346261e+02
7.010466e+02   3.119498e+02
7.081121e+02   2.906244e+02
7.138471e+02   2.705635e+02
7.272019e+02   2.542914e+02
7.375361e+02   2.334923e+02
7.564346e+02   2.216615e+02
7.784976e+02   2.135012e+02
8.006638e+02   2.033861e+02
8.178412e+02   1.914613e+02
8.295237e+02   1.754088e+02
8.512098e+02   1.680160e+02
8.726508e+02   1.663748e+02
8.935312e+02   1.544308e+02
9.152893e+02   1.472591e+02
9.358759e+02   1.462875e+02
9.544435e+02   1.394459e+02
9.753268e+02   1.364853e+02
9.942933e+02   1.361621e+02
1.011914e+03   1.337325e+02
1.032394e+03   1.328258e+02
1.049796e+03   1.303921e+02
1.065354e+03   1.276728e+02
1.080097e+03   1.356012e+02
1.098758e+03   1.455547e+02
1.116066e+03   1.531802e+02
1.131669e+03   1.611990e+02
1.146234e+03   1.731763e+02
1.159407e+03   1.897641e+02
1.178881e+03   2.003917e+02
1.199598e+03   2.036223e+02
1.214977e+03   2.008373e+02
1.234990e+03   2.087205e+02
1.254237e+03   2.245502e+02
1.258466e+03   2.485779e+02
1.260786e+03   2.689911e+02
1.263282e+03   2.899376e+02
1.265460e+03   3.073422e+02
1.269874e+03   3.216868e+02
1.273921e+03   3.331563e+02
1.278271e+03   3.444524e+02
1.276918e+03   3.576731e+02
1.266965e+03   3.756207e+02
1.253229e+03   3.894525e+02
1.241990e+03   3.991938e+02
1.228292e+03   4.113732e+02
1.218326e+03   4.237949e+02
1.209932e+03   4.361443e+02
1.199591e+03   4.499145e+02
1.185013e+03   4.643127e+02
1.166047e+03   4.758093e+02
1.154525e+03   4.882760e+02
1.148734e+03   5.024460e+02
1.136009e+03   5.156569e+02
1.116460e+03   5.249948e+02
1.094491e+03   5.339530e+02
1.077609e+03   5.501935e+02
1.055190e+03   5.651996e+02
1.045951e+03   5.855996e+02
1.036424e+03   6.027477e+02
1.028880e+03   6.169249e+02
1.016008e+03   6.374500e+02
1.010021e+03   6.566890e+02
1.005208e+03   6.735730e+02
9.993717e+02   6.869949e+02
9.919064e+02   7.027029e+02
9.937635e+02   7.191283e+02
9.915433e+02   7.348803e+02
9.874378e+02   7.457953e+02
9.801503e+02   7.617168e+02
9.757535e+02   7.786704e+02
9.771653e+02   7.980806e+02
9.774027e+02   8.149751e+02
9.658215e+02   8.266210e+02
9.448547e+02   8.276410e+02
9.291242e+02   8.170086e+02
9.276765e+02   7.951684e+02
