9.506384e+02   6.278043e+02
9.741639e+02   6.374532e+02
9.988262e+02   6.364655e+02
1.022800e+03   6.365721e+02
9.983333e+02   6.448227e+02
9.639411e+02   6.444062e+02
9.408931e+02   6.221805e+02
9.062117e+02   6.276457e+02
8.795884e+02   6.400890e+02
8.645246e+02   6.682717e+02
8.453728e+02   6.870234e+02
8.227166e+02   6.987379e+02
7.955751e+02   6.972575e+02
7.740102e+02   6.766855e+02
7.546831e+02   6.647758e+02
7.347317e+02   6.465071e+02
7.150105e+02   6.324368e+02
7.012354e+02   6.154825e+02
6.900131e+02   5.912920e+02
6.803960e+02   5.666643e+02
6.725178e+02   5.368741e+02
6.580545e+02   5.114704e+02
6.459954e+02   4.871119e+02
6.359042e+02   4.623337e+02
6.217931e+02   4.378137e+02
6.005585e+02   4.187683e+02
5.821102e+02   3.987439e+02
5.578235e+02   3.883476e+02
5.278641e+02   3.877089e+02
5.016105e+02   3.761991e+02
4.825434e+02   3.550710e+02
4.708749e+02   3.331830e+02
4.650432e+02   3.103421e+02
4.676728e+02   2.830183e+02
4.672661e+02   2.579158e+02
4.735215e+02   2.332387e+02
4.861001e+02   2.127487e+02
4.838220e+02   1.879025e+02
4.806493e+02   1.638251e+02
4.681414e+02   1.410309e+02
4.565266e+02   1.184813e+02
