9.349211e+02   6.250903e+02
9.223838e+02   6.159140e+02
9.082416e+02   6.089666e+02
8.909741e+02   6.001977e+02
877   5.940665e+02
8.686999e+02   5.762411e+02
8.570848e+02   5.616443e+02
8.536671e+02   5.394005e+02
8.503458e+02   5.194542e+02
8.471360e+02   4.999011e+02
8.557688e+02   4.788404e+02
8.631825e+02   4.598475e+02
8.627794e+02   4.392794e+02
8.730652e+02   4.221335e+02
8.830445e+02   4.081663e+02
8.731716e+02   3.930227e+02
8.698417e+02   3.746631e+02
8.750224e+02   3.620585e+02
8.782015e+02   3.459284e+02
8.744015e+02   3.285282e+02
8.707116e+02   3.138960e+02
8.761924e+02   2.977225e+02
8.753935e+02   2.846455e+02
8.728331e+02   2.708675e+02
8.684737e+02   2.568303e+02
8.645269e+02   2.432192e+02
8.638742e+02   2.292757e+02
8.618905e+02   2.172811e+02
8.660738e+02   2.048343e+02
8.694851e+02   1.926278e+02
8.643750e+02   1.798131e+02
8.572889e+02   1.678339e+02
8.501538e+02   1.612464e+02
8.437316e+02   1.489128e+02
8.357471e+02   1.372061e+02
8.291028e+02   1.218759e+02
8.277114e+02   1.060671e+02
8.282219e+02   9.522517e+01
8.313682e+02   8.493018e+01
8.348818e+02   7.487744e+01
8.327908e+02   6.356100e+01
8.339025e+02   5.307448e+01
8.319433e+02   3.995396e+01
8.324884e+02   3.100880e+01
