9.313268e+02   6.301450e+02
9.216902e+02   6.308915e+02
9.090110e+02   6.450635e+02
8.959369e+02   6.615279e+02
8.812654e+02   6.656975e+02
8.643816e+02   6.766196e+02
8.538810e+02   6.864160e+02
8.566264e+02   7.007183e+02
8.693043e+02   7.074112e+02
8.824595e+02   7.209361e+02
8.949496e+02   7.319676e+02
8.999292e+02   7.428323e+02
9.036921e+02   7.588023e+02
9.068478e+02   7.708957e+02
9.038997e+02   7.863647e+02
9.062348e+02   8.057401e+02
9.164734e+02   8.158571e+02
9.305726e+02   8.229988e+02
9.424994e+02   8.321785e+02
9.558905e+02   8.412591e+02
9.740844e+02   8.364487e+02
9.873583e+02   8.272010e+02
1.002475e+03   8.300569e+02
1.011783e+03   8.420915e+02
1.014454e+03   8.566345e+02
1.016072e+03   8.671202e+02
1.020340e+03   8.798250e+02
1.026990e+03   8.894715e+02
1.035055e+03   8.981832e+02
1.043571e+03   9.147639e+02
1.053305e+03   9.283847e+02
1.065312e+03   9.362621e+02
1.079020e+03   9.371902e+02
1.093389e+03   9.353237e+02
1.110600e+03   9.353863e+02
1.122388e+03   9.465805e+02
1.136197e+03   9.552110e+02
1.151124e+03   9.567559e+02
1.166236e+03   9.628722e+02
1.179813e+03   9.657188e+02
1.194777e+03   9.718296e+02
1.206808e+03   9.749755e+02
1.220653e+03   9.682694e+02
1.236437e+03   9.609705e+02
1.253597e+03   9.583939e+02
1.264664e+03   9.787121e+02
1.264333e+03   9.962027e+02
1.273100e+03   1.008580e+03
1.283486e+03   1.020061e+03
1.303163e+03   1.023829e+03
1.316889e+03   1.026936e+03
1.332753e+03   1.036457e+03
1.349432e+03   1.046655e+03
1.364487e+03   1.057480e+03
1.379923e+03   1.069612e+03
1.393470e+03   1.077334e+03
1.407174e+03   1.087280e+03
1.413956e+03   1.100964e+03
1.421475e+03   1.117076e+03
1.432579e+03   1.129074e+03
1.444196e+03   1.139651e+03
1.461475e+03   1.140264e+03
