9.409691e+02   6.236494e+02
9.568881e+02   6.236686e+02
9.773820e+02   6.314120e+02
9.975152e+02   6.451684e+02
1.019332e+03   6.578212e+02
1.040878e+03   6.695038e+02
1.060971e+03   6.846215e+02
1.079380e+03   6.994832e+02
1.094534e+03   7.172434e+02
1.108034e+03   7.374169e+02
1.116686e+03   7.617341e+02
1.124184e+03   7.800622e+02
1.134533e+03   8.017223e+02
1.145068e+03   8.213135e+02
1.157553e+03   8.433130e+02
1.167665e+03   8.660251e+02
1.178936e+03   8.869141e+02
1.198131e+03   9.017790e+02
1.218787e+03   9.175557e+02
1.243143e+03   9.310627e+02
1.266240e+03   9.474084e+02
1.288054e+03   9.649973e+02
1.308114e+03   9.845160e+02
1.326800e+03   1.008173e+03
1.349018e+03   1.025616e+03
1.369082e+03   1.043021e+03
1.392013e+03   1.054681e+03
1.416411e+03   1.066169e+03
1.439233e+03   1.079277e+03
1.459400e+03   1.091638e+03
1.480295e+03   1.101775e+03
1.500860e+03   1.115834e+03
1.523314e+03   1.124011e+03
1.544501e+03   1.129748e+03
