9.302503e+02   6.144261e+02
9.282730e+02   6.109456e+02
9.268103e+02   6.089199e+02
9.255275e+02   6.076207e+02
9.245501e+02   6.050460e+02
9.221674e+02   5.984039e+02
9.180019e+02   5.905657e+02
9.109775e+02   5.789569e+02
9.089677e+02   5.680271e+02
9.052108e+02   5.505375e+02
9.086314e+02   5.286241e+02
9.102772e+02   5.132071e+02
9.158187e+02   4.951721e+02
9.093310e+02   4.737320e+02
9.021005e+02   4.483146e+02
8.950740e+02   4.247359e+02
8.875495e+02   4.088306e+02
8.850052e+02   3.939595e+02
8.869797e+02   3.788824e+02
8.897065e+02   3.625174e+02
8.942370e+02   3.458168e+02
8.967757e+02   3.297897e+02
9.021445e+02   3.145176e+02
9.174798e+02   3.038516e+02
9.312763e+02   2.973208e+02
9.444247e+02   2.882541e+02
9.648218e+02   2.790812e+02
9.843959e+02   2.791486e+02
9.984215e+02   2.737266e+02
1.007999e+03   2.664262e+02
1.020709e+03   2.509564e+02
1.032451e+03   2.398274e+02
1.046485e+03   2.298457e+02
1.063261e+03   2.207688e+02
1.078629e+03   2.184371e+02
1.095583e+03   2.190618e+02
1.107822e+03   2.283476e+02
1.112663e+03   2.422436e+02
1.113131e+03   2.577852e+02
1.121023e+03   2.720944e+02
1.128765e+03   2.869755e+02
1.131722e+03   3.016300e+02
1.128302e+03   3.188716e+02
1.120183e+03   3.298841e+02
1.106703e+03   3.424980e+02
1.098114e+03   3.477287e+02
1.087235e+03   3.582554e+02
1.085397e+03   3.730651e+02
1.088897e+03   3.873383e+02
1.094929e+03   4.023025e+02
1.095008e+03   4.184801e+02
1.099775e+03   4.284364e+02
1.102969e+03   4.396209e+02
1.105106e+03   4.517445e+02
1.109299e+03   4.657141e+02
1.116133e+03   4.806697e+02
1.127298e+03   4.955092e+02
1.136743e+03   5.098414e+02
1.145130e+03   5.231490e+02
1.150832e+03   5.396016e+02
1.149020e+03   5.575498e+02
1.149007e+03   5.720748e+02
1.151068e+03   5.882383e+02
1.153951e+03   6.036078e+02
1.155503e+03   6.165388e+02
1.160209e+03   6.302669e+02
1.173172e+03   6.400816e+02
1.186624e+03   6.509980e+02
1.195077e+03   6.650865e+02
1.202177e+03   6.828923e+02
1.201054e+03   7.018894e+02
1.190691e+03   7.127801e+02
1.172866e+03   7.239449e+02
1.160134e+03   7.329627e+02
1.148050e+03   7.428809e+02
1.136669e+03   7.564093e+02
1.118992e+03   7.577963e+02
1.105002e+03   7.578025e+02
1.091124e+03   7.547289e+02
1.079957e+03   7.415708e+02
1.065294e+03   7.310139e+02
1.051517e+03   7.204112e+02
1.039204e+03   7.043371e+02
1.027923e+03   6.898376e+02
1.016184e+03   6.785836e+02
1.003192e+03   6.646454e+02
9.869462e+02   6.526542e+02
9.724510e+02   6.444631e+02
9.558245e+02   6.424184e+02
9.408756e+02   6.447061e+02
9.230756e+02   6.504808e+02
9.044563e+02   6.578496e+02
8.861033e+02   6.673896e+02
8.713103e+02   6.749442e+02
8.615372e+02   6.844067e+02
8.498556e+02   6.957394e+02
8.354650e+02   6.976790e+02
8.202275e+02   6.928892e+02
8.012497e+02   6.878170e+02
7.849801e+02   6.907845e+02
7.713509e+02   6.953559e+02
7.545250e+02   6.995025e+02
7.360209e+02   6.983516e+02
7.194373e+02   6.956515e+02
6.992656e+02   6.893789e+02
6.810742e+02   6.775633e+02
6.674768e+02   6.624236e+02
6.518787e+02   6.533033e+02
6.398846e+02   6.459519e+02
6.249125e+02   6.410481e+02
6.129592e+02   6.310646e+02
6.005836e+02   6.227039e+02
5.867087e+02   6.104592e+02
5.710028e+02   5.934380e+02
5.557493e+02   5.761738e+02
5.429438e+02   5.608594e+02
5.319954e+02   5.510601e+02
5.242327e+02   5.357987e+02
5.181240e+02   5.171322e+02
5.213920e+02   4.954453e+02
5.386135e+02   4.768682e+02
5.495914e+02   4.659698e+02
5.623236e+02   4.597511e+02
5.816270e+02   4.607101e+02
5.963994e+02   4.625524e+02
6.152823e+02   4.696695e+02
6.285580e+02   4.796277e+02
6.363061e+02   5.002079e+02
6.426761e+02   5.179432e+02
6.487953e+02   5.369418e+02
6.539846e+02   5.585473e+02
6.559101e+02   5.798356e+02
6.565415e+02   6.004747e+02
6.525442e+02   6.236241e+02
6.545262e+02   6.460534e+02
6.586852e+02   6.575825e+02
6.633828e+02   6.627232e+02
6.718708e+02   6.727085e+02
6.810077e+02   6.828804e+02
6.897919e+02   6.926786e+02
7.035998e+02   6.965087e+02
7.151789e+02   6.988091e+02
7.274160e+02   6.969580e+02
7.401310e+02   6.942952e+02
7.547226e+02   6.912300e+02
7.630209e+02   6.880894e+02
7.693836e+02   6.827419e+02
7.816603e+02   6.765914e+02
7.901002e+02   6.683798e+02
7.958238e+02   6.578941e+02
7.972470e+02   6.415552e+02
7.996360e+02   6.261810e+02
7.995840e+02   6.071650e+02
7.937719e+02   5.883772e+02
7.869824e+02   5.702195e+02
7.751071e+02   5.513700e+02
7.671754e+02   5.452973e+02
7.542671e+02   5.356038e+02
7.404869e+02   5.293741e+02
7.269067e+02   5.194538e+02
7.100405e+02   5.135869e+02
6.923829e+02   5.102572e+02
6.722432e+02   5.078600e+02
6.541913e+02   5.085924e+02
6.409334e+02   5.064517e+02
6.308836e+02   5.019726e+02
6.185199e+02   4.966355e+02
6.074240e+02   4.930235e+02
5.957353e+02   4.953713e+02
5.820377e+02   5.015301e+02
5.758978e+02   5.080723e+02
5.691599e+02   5.176269e+02
5.645428e+02   5.219439e+02
5.583655e+02   5.247184e+02
5.573333e+02   5.254581e+02
5.564349e+02   5.284517e+02
5.538362e+02   5.301098e+02
5.559029e+02   5.320971e+02
5.590055e+02   5.380284e+02
5.667232e+02   5.413266e+02
5.761640e+02   5.387633e+02
5.822367e+02   5.347586e+02
5.932384e+02   5.236367e+02
6.031220e+02   5.169133e+02
6.165414e+02   5.125618e+02
6.297682e+02   5.062308e+02
6.440934e+02   4.946736e+02
6.491886e+02   4.809580e+02
6.466847e+02   4.716737e+02
6.393488e+02   4.617384e+02
6.282491e+02   4.541814e+02
6.143401e+02   4.520343e+02
6.033508e+02   4.561157e+02
5.946618e+02   4.642552e+02
5.876193e+02   4.775229e+02
5.812142e+02   4.923143e+02
5.763815e+02   5.044254e+02
5.658486e+02   5.121376e+02
5.532516e+02   5.158064e+02
5.405068e+02   5.155602e+02
5.339233e+02   5.170957e+02
5.229612e+02   5.150280e+02
5.087250e+02   5.162308e+02
