9.188937e+02   6.227836e+02
9.256387e+02   6.273224e+02
9.448737e+02   6.205177e+02
9.547485e+02   5.957374e+02
9.638945e+02   5.697921e+02
9.797615e+02   5.406075e+02
1.003910e+03   5.137651e+02
1.029447e+03   4.897529e+02
1.055214e+03   4.659103e+02
1.086524e+03   4.554930e+02
1.121382e+03   4.520366e+02
1.148276e+03   4.337058e+02
1.163146e+03   4.048407e+02
1.165753e+03   3.721342e+02
1.179036e+03   3.409014e+02
1.189527e+03   3.108159e+02
1.195669e+03   2.790503e+02
1.208520e+03   2.492974e+02
1.215944e+03   2.199453e+02
1.183888e+03   2.020853e+02
1.148668e+03   1.924894e+02
1.115909e+03   1.823934e+02
1.080012e+03   1.742186e+02
1.050093e+03   1.568614e+02
1.025805e+03   1.348389e+02
1.006357e+03   1.096392e+02
9.850945e+02   8.469818e+01
9.697663e+02   5.676512e+01
9.613864e+02   2.474590e+01
