9.201240e+02   6.372240e+02
9.198063e+02   6.309223e+02
9.216331e+02   6.218276e+02
9.262442e+02   6.131000e+02
9.425689e+02   6.049009e+02
9.532142e+02   5.971850e+02
9.458226e+02   5.806220e+02
9.368765e+02   5.621996e+02
9.317626e+02   5.428607e+02
9.223128e+02   5.247942e+02
9.111841e+02   5.113992e+02
8.976054e+02   5.025514e+02
8.828873e+02   4.863607e+02
8.715841e+02   4.677900e+02
8.610710e+02   4.499906e+02
8.490054e+02   4.366351e+02
8.304567e+02   4.218175e+02
8.092223e+02   4.080910e+02
7.884387e+02   3.956299e+02
7.873645e+02   3.730882e+02
7.933412e+02   3.540375e+02
8.086332e+02   3.378807e+02
8.294821e+02   3.227879e+02
8.380013e+02   3.118559e+02
8.502010e+02   3.021595e+02
8.570202e+02   2.998260e+02
8.526264e+02   3.035366e+02
8.545599e+02   3.093913e+02
8.581734e+02   3.134962e+02
8.653068e+02   3.126534e+02
8.715793e+02   3.054482e+02
8.830939e+02   2.977910e+02
9.020747e+02   2.903132e+02
9.194694e+02   2.856372e+02
9.425239e+02   2.847582e+02
9.636161e+02   2.873584e+02
9.850840e+02   2.864346e+02
1.005118e+03   2.766974e+02
1.024182e+03   2.604910e+02
1.044390e+03   2.526600e+02
1.064878e+03   2.498362e+02
1.087013e+03   2.430611e+02
1.109767e+03   2.324120e+02
1.127300e+03   2.297411e+02
1.145103e+03   2.345458e+02
1.167051e+03   2.277764e+02
1.187666e+03   2.188946e+02
1.210501e+03   2.140990e+02
1.230944e+03   2.038199e+02
1.246521e+03   1.942058e+02
1.259570e+03   1.774284e+02
1.275136e+03   1.652015e+02
1.293431e+03   1.559254e+02
1.315260e+03   1.516295e+02
1.334997e+03   1.592399e+02
1.354126e+03   1.701396e+02
1.369531e+03   1.853318e+02
1.382102e+03   2.028794e+02
1.389540e+03   2.176494e+02
1.391836e+03   2.368083e+02
1.390429e+03   2.552630e+02
1.395134e+03   2.695930e+02
1.397748e+03   2.853326e+02
1.398151e+03   2.946249e+02
1.401153e+03   3.058523e+02
1.404719e+03   3.163382e+02
1.404945e+03   3.293349e+02
1.405829e+03   3.463191e+02
1.402126e+03   3.615108e+02
1.392738e+03   3.764227e+02
1.387169e+03   3.894879e+02
1.380467e+03   4.031055e+02
1.382974e+03   4.144522e+02
1.385023e+03   4.261969e+02
1.382678e+03   4.420059e+02
1.373468e+03   4.562167e+02
1.359462e+03   4.638804e+02
1.344767e+03   4.703663e+02
1.335405e+03   4.775739e+02
1.328018e+03   4.887274e+02
1.316808e+03   4.949052e+02
1.306352e+03   5.015901e+02
1.296297e+03   5.114138e+02
1.289161e+03   5.188774e+02
1.282529e+03   5.217350e+02
1.273263e+03   5.289357e+02
1.260587e+03   5.348411e+02
1.249378e+03   5.414456e+02
1.239781e+03   5.518813e+02
1.227125e+03   5.602957e+02
1.212415e+03   5.703052e+02
1.195015e+03   5.790970e+02
1.182791e+03   5.850143e+02
1.167775e+03   5.911799e+02
1.160184e+03   6.060724e+02
1.156562e+03   6.208422e+02
1.152317e+03   6.340720e+02
1.148298e+03   6.461752e+02
1.140824e+03   6.594669e+02
1.130064e+03   6.687026e+02
1.121718e+03   6.765980e+02
1.112288e+03   6.844930e+02
1.101309e+03   6.906964e+02
1.088751e+03   6.944849e+02
1.075188e+03   7.005134e+02
1.061426e+03   7.033248e+02
1.047130e+03   7.094915e+02
1.031568e+03   7.122206e+02
1.016972e+03   7.150356e+02
1.002328e+03   7.167931e+02
9.862846e+02   7.153984e+02
9.731931e+02   7.104282e+02
9.610419e+02   7.084981e+02
9.473980e+02   7.035833e+02
9.358394e+02   6.955065e+02
9.230722e+02   6.874593e+02
9.095384e+02   6.807619e+02
8.919388e+02   6.719834e+02
8.770103e+02   6.647145e+02
8.577834e+02   6.639618e+02
8.412088e+02   6.645525e+02
8.270691e+02   6.668991e+02
8.147972e+02   6.696971e+02
8.045573e+02   6.716950e+02
7.935827e+02   6.730438e+02
7.766078e+02   6.770694e+02
7.643377e+02   6.781902e+02
7.505791e+02   6.801631e+02
7.346245e+02   6.831686e+02
7.204529e+02   6.878469e+02
7.097473e+02   6.909903e+02
7.021037e+02   6.964025e+02
6.929061e+02   7.057009e+02
6.833853e+02   7.193720e+02
6.769749e+02   7.322936e+02
6.686755e+02   7.427716e+02
6.607615e+02   7.508296e+02
6.562293e+02   7.564527e+02
6.478483e+02   7.632642e+02
6.417597e+02   7.674976e+02
6.340410e+02   7.720246e+02
6.280831e+02   7.795358e+02
6.193712e+02   7.847749e+02
6.095853e+02   7.863929e+02
5.967625e+02   7.844693e+02
5.893823e+02   7.752204e+02
5.829596e+02   7.629192e+02
5.801355e+02   7.474879e+02
5.767673e+02   7.346686e+02
5.710658e+02   7.252667e+02
5.620564e+02   7.192394e+02
5.531920e+02   7.122816e+02
5.499725e+02   6.985407e+02
5.445464e+02   6.870452e+02
5.358800e+02   6.758286e+02
5.242123e+02   6.698865e+02
5.155179e+02   6.620695e+02
5.086748e+02   6.521980e+02
5.043899e+02   6.437933e+02
5.006814e+02   6.369944e+02
4.967004e+02   6.301189e+02
4.889697e+02   6.223348e+02
4.826689e+02   6.148918e+02
4.783822e+02   6.071113e+02
4.737699e+02   5.946401e+02
4.698756e+02   5.827848e+02
4.653151e+02   5.699510e+02
4.637626e+02   5.543363e+02
4.628943e+02   5.367564e+02
4.653544e+02   5.195767e+02
4.687606e+02   5.026511e+02
4.719690e+02   4.856951e+02
4.752799e+02   4.708364e+02
4.778222e+02   4.555496e+02
4.893596e+02   4.427948e+02
5.012134e+02   4.311385e+02
5.133704e+02   4.181100e+02
5.235680e+02   4.043651e+02
5.309930e+02   3.907262e+02
5.286697e+02   3.766525e+02
5.281975e+02   3.630636e+02
5.253508e+02   3.475835e+02
5.186060e+02   3.367288e+02
5.159013e+02   3.240751e+02
5.152116e+02   3.111568e+02
