9.357875e+02   6.252803e+02
9.343984e+02   6.209201e+02
9.317422e+02   6.169072e+02
9.282418e+02   6.136242e+02
9.240979e+02   6.098131e+02
9.182853e+02   6.032682e+02
9.086484e+02   5.970876e+02
8.977799e+02   5.881704e+02
8.948194e+02   5.838762e+02
8.859645e+02   5.793773e+02
8.708659e+02   5.820800e+02
8.585614e+02   5.809990e+02
8.436824e+02   5.851793e+02
8.272595e+02   5.838643e+02
8.094593e+02   5.897598e+02
7.987136e+02   6.007630e+02
7.836707e+02   6.158220e+02
7.718209e+02   6.352416e+02
7.529792e+02   6.513846e+02
7.383282e+02   6.635718e+02
7.291905e+02   6.879798e+02
7.221395e+02   7.127562e+02
7.067955e+02   7.365123e+02
6.865672e+02   7.543644e+02
6.630701e+02   7.627722e+02
6.389714e+02   7.697847e+02
6.171510e+02   7.785957e+02
5.931501e+02   7.881145e+02
5.688720e+02   7.788411e+02
5.448037e+02   7.712193e+02
5.190087e+02   7.752473e+02
4.921701e+02   7.676521e+02
4.669239e+02   7.520185e+02
4.422553e+02   7.395074e+02
4.182588e+02   7.493371e+02
3.918802e+02   7.560260e+02
3.637316e+02   7.695939e+02
3.361725e+02   7.789220e+02
3.097717e+02   7.744114e+02
2.787068e+02   7.733719e+02
2.482860e+02   7.820353e+02
2.207916e+02   7.878023e+02
1.911439e+02   7.935273e+02
