9.427650e+02   6.071786e+02
9.351591e+02   5.841057e+02
9.237394e+02   5.389965e+02
9.035447e+02   5.026915e+02
8.778550e+02   4.653843e+02
8.494632e+02   4.284150e+02
8.169490e+02   3.959104e+02
7.842872e+02   3.604402e+02
7.446027e+02   3.353269e+02
7.000151e+02   3.257328e+02
6.532117e+02   3.164463e+02
6.147863e+02   2.878226e+02
5.876663e+02   2.516736e+02
5.872872e+02   2.063424e+02
5.850368e+02   1.624418e+02
5.785096e+02   1.172677e+02
5.830654e+02   7.510202e+01
6.041617e+02   3.695380e+01
