9.278005e+02   6.316907e+02
9.231718e+02   6.217429e+02
9.261955e+02   6.066325e+02
9.280639e+02   5.936642e+02
9.217477e+02   5.683981e+02
9.160526e+02   5.431134e+02
9.107757e+02   5.145703e+02
8.937194e+02   4.916564e+02
8.729539e+02   4.682766e+02
8.502657e+02   4.470639e+02
8.288798e+02   4.232765e+02
8.078103e+02   4.033210e+02
7.898129e+02   3.761413e+02
7.706577e+02   3.526418e+02
7.462107e+02   3.354071e+02
7.148525e+02   3.323349e+02
6.899320e+02   3.302281e+02
6.644298e+02   3.327762e+02
6.380398e+02   3.440759e+02
6.250503e+02   3.685883e+02
6.076671e+02   3.883974e+02
5.981256e+02   4.131671e+02
5.957966e+02   4.390091e+02
5.784258e+02   4.586961e+02
5.522295e+02   4.672626e+02
5.295869e+02   4.775982e+02
5.068729e+02   4.876323e+02
4.790845e+02   4.893148e+02
4.538233e+02   4.936298e+02
4.324164e+02   5.024607e+02
4.079563e+02   5.036951e+02
3.845643e+02   5.050512e+02
3.585611e+02   5.068443e+02
3.356161e+02   5.106621e+02
3.159948e+02   5.215455e+02
3.017429e+02   5.380567e+02
2.882338e+02   5.556876e+02
2.834334e+02   5.754971e+02
2.851865e+02   5.965152e+02
2.931980e+02   6.154640e+02
3.071079e+02   6.317337e+02
3.108735e+02   6.539743e+02
3.000701e+02   6.745451e+02
2.935412e+02   6.928544e+02
2.702457e+02   7.024094e+02
2.474904e+02   7.109885e+02
2.305694e+02   7.209411e+02
2.068652e+02   7.318615e+02
1.801655e+02   7.414358e+02
