9.278671e+02   6.218709e+02
8.976410e+02   6.119169e+02
8.589429e+02   6.144751e+02
8.250773e+02   6.358609e+02
7.958335e+02   6.581377e+02
7.616844e+02   6.790821e+02
7.284410e+02   6.888719e+02
6.948872e+02   6.971822e+02
6.657839e+02   7.067508e+02
6.347772e+02   7.091530e+02
601   7.029370e+02
5.656773e+02   6.987346e+02
5.326335e+02   6.962812e+02
5.016674e+02   6.852841e+02
4.663926e+02   6.740402e+02
4.322373e+02   6.726452e+02
3.960257e+02   6.668636e+02
3.603422e+02   6.709349e+02
3.281673e+02   6.843981e+02
2.984584e+02   7.026150e+02
2.962550e+02   7.384987e+02
2.965641e+02   7.745455e+02
