9.177864e+02   6.256463e+02
9.177683e+02   6.181642e+02
9.267522e+02   6.144967e+02
9.347116e+02   6.184674e+02
9.426524e+02   6.263384e+02
9.495138e+02   6.382805e+02
9.597603e+02   6.537916e+02
9.734625e+02   6.691444e+02
9.829978e+02   6.894580e+02
9.952980e+02   7.065872e+02
1.016714e+03   7.093326e+02
1.042276e+03   6.943349e+02
1.070278e+03   6.781691e+02
1.095432e+03   6.588151e+02
1.122842e+03   6.445741e+02
1.147198e+03   6.271912e+02
1.173479e+03   6.113931e+02
1.203351e+03   5.987125e+02
1.230080e+03   5.985310e+02
1.256475e+03   5.917004e+02
1.286088e+03   5.831435e+02
1.306623e+03   5.705688e+02
1.316125e+03   5.441813e+02
1.325184e+03   5.212890e+02
1.337344e+03   4.992704e+02
1.338065e+03   4.727194e+02
1.333883e+03   4.480963e+02
1.345663e+03   4.295118e+02
1.356791e+03   4.120267e+02
1.367635e+03   3.942340e+02
1.375035e+03   3.752935e+02
1.386518e+03   3.613203e+02
1.399722e+03   3.459357e+02
1.412230e+03   3.342022e+02
1.423740e+03   3.181056e+02
1.424937e+03   2.969541e+02
1.428572e+03   2.765294e+02
1.435802e+03   2.583653e+02
1.433762e+03   2.340089e+02
1.410819e+03   2.117087e+02
1.390345e+03   1.937612e+02
1.362835e+03   1.856796e+02
1.334550e+03   1.721705e+02
1.309947e+03   1.492784e+02
1.300116e+03   1.225785e+02
1.293802e+03   9.459350e+01
1.291047e+03   6.471909e+01
1.297637e+03   3.919410e+01
