9.242445e+02   6.290310e+02
9.467762e+02   6.205982e+02
9.762237e+02   6.274717e+02
1.001690e+03   6.518707e+02
1.018315e+03   6.799786e+02
1.042645e+03   7.031522e+02
1.068644e+03   7.142649e+02
1.092941e+03   7.261417e+02
1.117333e+03   7.458827e+02
1.144776e+03   7.521796e+02
1.170982e+03   7.430867e+02
1.203328e+03   7.363964e+02
1.234196e+03   7.357246e+02
1.262420e+03   7.305978e+02
1.289081e+03   7.319492e+02
1.313560e+03   7.325903e+02
1.337665e+03   7.269467e+02
1.361537e+03   7.244152e+02
1.388127e+03   7.244264e+02
1.412197e+03   7.295735e+02
1.436081e+03   7.339162e+02
1.458354e+03   7.389393e+02
1.479039e+03   7.491580e+02
1.502274e+03   7.563050e+02
1.526651e+03   7.597018e+02
1.550435e+03   7.705550e+02
1.576369e+03   7.792325e+02
1.599432e+03   7.840902e+02
1.623770e+03   7.956969e+02
1.652505e+03   8.072022e+02
1.677426e+03   8.185825e+02
1.697985e+03   8.289299e+02
