9.200273e+02   6.324531e+02
9.290954e+02   6.186826e+02
9.525335e+02   6.051855e+02
9.751037e+02   5.942033e+02
9.969990e+02   5.822649e+02
1.017040e+03   5.702443e+02
1.037057e+03   5.512073e+02
1.059546e+03   5.361390e+02
1.086539e+03   5.340116e+02
1.112563e+03   5.302103e+02
1.134432e+03   5.227253e+02
1.155415e+03   5.139207e+02
1.181725e+03   5.087075e+02
1.202040e+03   5.108131e+02
1.225467e+03   5.157306e+02
1.244418e+03   5.292801e+02
1.259469e+03   5.447436e+02
1.276384e+03   5.570330e+02
1.293076e+03   5.661280e+02
1.309990e+03   5.807089e+02
1.324703e+03   5.934766e+02
1.335219e+03   6.084133e+02
1.346495e+03   6.309178e+02
1.355759e+03   6.464706e+02
1.369456e+03   6.614816e+02
1.382759e+03   6.762698e+02
1.397154e+03   6.883310e+02
1.413602e+03   7.031132e+02
1.427496e+03   7.216748e+02
1.435338e+03   7.425099e+02
1.435853e+03   7.663276e+02
1.441895e+03   7.850466e+02
1.454362e+03   7.992939e+02
1.457954e+03   8.180596e+02
1.461954e+03   8.421286e+02
1.456051e+03   8.651789e+02
1.448908e+03   8.852467e+02
1.452819e+03   9.097393e+02
1.448159e+03   9.292649e+02
1.433968e+03   9.514198e+02
1.433054e+03   9.750526e+02
1.426396e+03   9.957671e+02
1.418902e+03   1.019286e+03
1.415604e+03   1.043987e+03
1.414805e+03   1.063954e+03
1.411039e+03   1.085528e+03
1.408887e+03   1.105616e+03
