9.376551e+02   6.421350e+02
9.263669e+02   6.290591e+02
9.021809e+02   6.151237e+02
8.752316e+02   6.091745e+02
8.445373e+02   6.166170e+02
8.218740e+02   6.362596e+02
8.240487e+02   6.700040e+02
8.361552e+02   7.060530e+02
8.398048e+02   7.400638e+02
8.708956e+02   7.588170e+02
9.076239e+02   7.563507e+02
9.371692e+02   7.366450e+02
9.645006e+02   7.102541e+02
9.831489e+02   6.817417e+02
9.785850e+02   6.476589e+02
9.649265e+02   6.130013e+02
9.458438e+02   5.880740e+02
9.308132e+02   5.548338e+02
9.280437e+02   5.221620e+02
8.919001e+02   5.150350e+02
8.612761e+02   5.028258e+02
8.271134e+02   5.066923e+02
7.957362e+02   5.151287e+02
7.644078e+02   5.235157e+02
7.373459e+02   5.336553e+02
7.057952e+02   5.336168e+02
6.810564e+02   5.148908e+02
6.610658e+02   4.918561e+02
6.445133e+02   4.650646e+02
6.343975e+02   4.391012e+02
6.335503e+02   4.054158e+02
6.217741e+02   3.762466e+02
6.072949e+02   3.507113e+02
5.831993e+02   3.333491e+02
5.687530e+02   3.048258e+02
5.653851e+02   2.734919e+02
5.639382e+02   2.434347e+02
5.666085e+02   2.096922e+02
5.741565e+02   1.763329e+02
5.846308e+02   1.468833e+02
6.005514e+02   1.188717e+02
6.170236e+02   9.291685e+01
6.280392e+02   6.226906e+01
6.358438e+02   3.140948e+01
