9.389697e+02   6.171420e+02
9.095664e+02   6.188329e+02
8.809751e+02   6.531675e+02
8.759116e+02   6.959540e+02
9.022090e+02   7.246386e+02
9.387767e+02   7.439516e+02
9.749979e+02   7.578925e+02
1.001014e+03   7.821301e+02
1.029029e+03   8.002684e+02
1.059463e+03   8.131728e+02
1.075870e+03   8.405248e+02
1.073310e+03   8.724305e+02
1.058241e+03   9.041260e+02
1.039747e+03   9.403100e+02
1.033053e+03   9.718195e+02
1.036523e+03   1.005347e+03
1.013003e+03   1.035441e+03
9.774376e+02   1.056912e+03
9.381768e+02   1.067767e+03
8.941761e+02   1.078143e+03
8.487505e+02   1.080531e+03
8.083898e+02   1.086417e+03
7.860506e+02   1.116991e+03
7.773008e+02   1.152794e+03
7.553296e+02   1.183509e+03
7.258498e+02   1.213125e+03
6.844524e+02   1.221562e+03
6.481048e+02   1.224695e+03
6.126131e+02   1.221926e+03
5.739397e+02   1.221554e+03
5.383100e+02   1.217675e+03
