9.271793e+02   6.247065e+02
9.203297e+02   5.998708e+02
9.070052e+02   5.801590e+02
8.750199e+02   5.760850e+02
8.389822e+02   5.659350e+02
8.110156e+02   5.801449e+02
7.863936e+02   5.995456e+02
7.599450e+02   6.076841e+02
7.344180e+02   6.131189e+02
7.217416e+02   6.330124e+02
7.252780e+02   6.604755e+02
7.339626e+02   6.868217e+02
7.284053e+02   7.094168e+02
7.263864e+02   7.320295e+02
7.264126e+02   7.524576e+02
7.378579e+02   7.732843e+02
7.486061e+02   7.877891e+02
7.667428e+02   7.999798e+02
7.863223e+02   8.065610e+02
8.068626e+02   8.090707e+02
8.264330e+02   8.043390e+02
8.437261e+02   8.039406e+02
8.591231e+02   8.020703e+02
8.729948e+02   7.941071e+02
8.910147e+02   7.821095e+02
913   7.698486e+02
9.330538e+02   7.537051e+02
9.557593e+02   7.441148e+02
9.742137e+02   7.268831e+02
9.930904e+02   7.122119e+02
1.011931e+03   7.030622e+02
1.029469e+03   6.983422e+02
1.045266e+03   6.986057e+02
1.065380e+03   6.994316e+02
1.085619e+03   6.952892e+02
1.101479e+03   6.850027e+02
1.119082e+03   6.741597e+02
1.139970e+03   6.703737e+02
1.156717e+03   6.747806e+02
1.170842e+03   6.697451e+02
1.187619e+03   6.692974e+02
1.203554e+03   6.657963e+02
1.214534e+03   6.582322e+02
1.227662e+03   6.486915e+02
1.242425e+03   6.428979e+02
1.250206e+03   6.371966e+02
1.259571e+03   6.294093e+02
1.270251e+03   6.233170e+02
1.279790e+03   6.188378e+02
1.291057e+03   6.174504e+02
1.303190e+03   6.154863e+02
1.312477e+03   6.158275e+02
1.321315e+03   6.204397e+02
1.329997e+03   6.213598e+02
1.342208e+03   6.236542e+02
1.352766e+03   6.225187e+02
1.363059e+03   6.248127e+02
1.371212e+03   6.294093e+02
1.380682e+03   6.349562e+02
1.389070e+03   6.443041e+02
1.394845e+03   6.487750e+02
1.404993e+03   6.502558e+02
