9.255447e+02   6.326836e+02
9.183430e+02   6.293839e+02
9.138047e+02   6.257321e+02
9.095722e+02   6.238270e+02
9.047545e+02   6.209244e+02
8.973937e+02   6.171236e+02
8.876914e+02   6.130870e+02
8.795894e+02   6.109870e+02
8.716304e+02   6.087624e+02
8.603237e+02   6.075552e+02
8.510022e+02   6.074108e+02
8.411171e+02   6.077093e+02
8.295085e+02   6.089416e+02
8.162539e+02   6.086099e+02
8.021928e+02   6.123301e+02
7.930075e+02   6.197457e+02
7.814238e+02   6.296317e+02
7.744372e+02   6.418193e+02
7.695241e+02   6.523086e+02
7.575187e+02   6.620438e+02
7.463576e+02   6.746950e+02
7.389004e+02   6.872746e+02
7.282562e+02   6.962413e+02
7.193561e+02   7.042287e+02
7.158920e+02   7.127413e+02
7.148823e+02   7.201009e+02
7.198776e+02   7.296160e+02
7.273766e+02   7.412309e+02
7.360650e+02   7.540197e+02
7.445291e+02   7.652932e+02
7.521295e+02   7.743970e+02
7.701210e+02   7.751379e+02
7.808440e+02   7.700869e+02
7.928657e+02   7.629922e+02
8.076706e+02   7.515387e+02
8.165794e+02   7.451470e+02
8.238390e+02   7.335323e+02
8.300185e+02   7.191982e+02
8.308640e+02   7.031243e+02
8.262794e+02   6.853277e+02
8.249606e+02   6.729276e+02
8.244353e+02   6.617155e+02
8.213479e+02   6.486400e+02
8.228616e+02   6.341051e+02
8.287269e+02   6.207849e+02
8.275811e+02   6.115175e+02
8.256806e+02   6.000230e+02
8.257439e+02   5.881622e+02
8.243394e+02   5.745268e+02
8.187916e+02   5.605593e+02
8.184405e+02   5.467251e+02
8.146541e+02   5.336487e+02
8.126459e+02   5.240730e+02
8.158199e+02   5.160535e+02
8.241436e+02   5.052818e+02
8.339735e+02   4.968695e+02
8.448855e+02   4.807959e+02
8.542912e+02   4.659455e+02
8.642280e+02   4.496663e+02
8.685611e+02   4.341118e+02
8.753777e+02   4.234274e+02
8.782186e+02   4.111351e+02
8.827920e+02   3.969951e+02
8.850048e+02   3.818125e+02
8.898803e+02   3.640413e+02
8.888585e+02   3.486420e+02
8.875457e+02   3.345362e+02
8.825751e+02   3.199346e+02
8.756276e+02   3.068548e+02
8.708484e+02   2.951173e+02
8.669576e+02   2.813337e+02
8.679485e+02   2.647302e+02
8.701832e+02   2.501257e+02
8.724631e+02   2.359575e+02
8.742313e+02   2.229040e+02
8.736236e+02   2.096698e+02
8.715830e+02   1.972034e+02
8.684772e+02   1.878140e+02
8.617052e+02   1.774309e+02
8.511759e+02   1.696063e+02
8.381891e+02   1.630657e+02
8.228828e+02   1.589146e+02
8.065789e+02   1.582392e+02
7.922579e+02   1.583127e+02
7.752551e+02   1.584559e+02
7.590448e+02   1.607029e+02
7.434758e+02   1.671702e+02
7.288964e+02   1.739894e+02
7.157326e+02   1.792159e+02
7.023726e+02   1.817452e+02
6.904535e+02   1.872839e+02
6.821018e+02   1.979925e+02
6.734038e+02   2.055298e+02
6.624530e+02   2.149855e+02
6.525288e+02   2.276364e+02
6.464812e+02   2.411099e+02
6.462056e+02   2.523401e+02
6.464394e+02   2.674317e+02
6.485598e+02   2.753386e+02
6.509539e+02   2.868431e+02
6.550218e+02   2.971128e+02
6.605054e+02   3.114641e+02
6.711509e+02   3.237249e+02
6.856777e+02   3.318248e+02
7.021873e+02   3.415458e+02
7.193818e+02   3.496768e+02
7.357357e+02   3.548316e+02
7.541170e+02   3.548789e+02
7.710733e+02   3.535366e+02
7.831812e+02   3.573204e+02
7.941040e+02   3.657994e+02
8.063828e+02   3.768733e+02
8.137370e+02   3.877187e+02
8.153435e+02   4.018124e+02
8.212938e+02   4.151233e+02
8.259901e+02   4.322725e+02
8.279610e+02   4.409317e+02
8.292827e+02   4.519644e+02
8.321010e+02   4.646428e+02
8.369396e+02   4.775221e+02
8.459403e+02   4.873955e+02
8.588368e+02   4.944215e+02
8.729621e+02   4.983838e+02
8.868964e+02   5.015288e+02
9.000310e+02   5.024348e+02
9.120970e+02   5.035420e+02
9.254179e+02   5.052985e+02
9.356546e+02   5.082196e+02
9.482749e+02   5.127442e+02
9.606598e+02   5.161989e+02
9.736549e+02   5.198167e+02
