9.356260e+02   5.713049e+02
8.993742e+02   5.458340e+02
8.575635e+02   5.361327e+02
8.157625e+02   5.313644e+02
7.764038e+02   5.350812e+02
7.378370e+02   5.402956e+02
7.022689e+02   5.369894e+02
6.668613e+02   5.330481e+02
6.309293e+02   5.301635e+02
5.942257e+02   5.236805e+02
5.606971e+02   5.162159e+02
5.265236e+02   5.021731e+02
4.943460e+02   4.897861e+02
4.557490e+02   4.913327e+02
4.206006e+02   5.010657e+02
3.855565e+02   5.098996e+02
3.544869e+02   5.245440e+02
3.216241e+02   5.393221e+02
2.923394e+02   5.528805e+02
2.651331e+02   5.730956e+02
2.382595e+02   5.914975e+02
2.136029e+02   6.116909e+02
1.899222e+02   6.295778e+02
1.650085e+02   6.527221e+02
