8.922437e+02   6.050979e+02
8.899106e+02   6.035312e+02
8.807829e+02   5.969968e+02
8.603703e+02   5.886161e+02
8.426028e+02   5.839020e+02
8.267366e+02   5.819158e+02
8.091656e+02   5.796267e+02
7.968189e+02   5.766489e+02
7.829527e+02   5.736531e+02
7.708829e+02   5.660980e+02
7.590529e+02   5.566796e+02
7.565211e+02   5.501614e+02
7.548641e+02   5.410393e+02
7.550083e+02   5.309317e+02
7.518265e+02   5.191898e+02
7.489979e+02   5.071576e+02
7.432659e+02   4.964894e+02
7.409948e+02   4.886931e+02
7.361726e+02   4.830187e+02
7.281927e+02   4.758052e+02
7.243351e+02   4.720137e+02
7.206175e+02   4.682034e+02
7.159451e+02   4.640760e+02
7.133212e+02   4.619761e+02
7.104292e+02   4.587188e+02
7.067152e+02   4.514209e+02
7.026952e+02   4.458529e+02
6.995341e+02   4.401870e+02
6.941407e+02   4.340143e+02
6.885781e+02   4.294454e+02
6.855771e+02   4.250470e+02
6.821722e+02   4.194022e+02
6.794628e+02   4.130282e+02
6.776963e+02   4.096728e+02
6.732961e+02   4.032797e+02
6.682071e+02   3.955848e+02
6.625094e+02   3.910267e+02
6.561381e+02   3.891492e+02
6.506145e+02   3.854428e+02
6.416478e+02   3.787075e+02
6.359276e+02   3.707857e+02
6.287837e+02   3.650684e+02
6.245657e+02   3.628203e+02
6.168532e+02   3.599613e+02
6.084006e+02   3.579857e+02
6.021742e+02   3.568529e+02
5.950655e+02   3.556981e+02
5.879297e+02   3.539096e+02
5.808113e+02   3.545161e+02
5.776060e+02   3.550736e+02
5.734054e+02   3.573453e+02
5.707614e+02   3.634673e+02
5.684366e+02   3.724386e+02
5.647455e+02   3.836158e+02
5.619349e+02   3.917949e+02
5.572971e+02   4.000262e+02
5.549835e+02   4.077297e+02
5.481545e+02   4.145650e+02
5.420257e+02   4.207469e+02
5.351289e+02   4.283672e+02
5.271179e+02   4.360238e+02
5.171728e+02   4.444350e+02
5.082284e+02   4.495364e+02
4.984900e+02   4.551643e+02
4.900956e+02   4.604585e+02
4.822603e+02   4.661575e+02
4.727457e+02   4.733131e+02
4.653547e+02   4.785992e+02
4.589593e+02   4.874872e+02
4.513267e+02   5.004981e+02
4.437570e+02   5.102058e+02
4.361981e+02   5.194284e+02
4.281829e+02   5.289630e+02
4.209590e+02   5.385653e+02
4.161290e+02   5.467152e+02
4.122762e+02   5.584847e+02
4.087063e+02   5.690632e+02
4.054332e+02   5.779740e+02
4.018207e+02   5.879745e+02
3.984165e+02   5.971495e+02
3.980667e+02   6.063656e+02
3.979882e+02   6.204525e+02
3.939009e+02   6.310200e+02
3.916483e+02   6.417248e+02
3.908069e+02   6.505073e+02
3.898394e+02   6.595436e+02
3.889052e+02   6.665009e+02
3.914043e+02   6.699955e+02
3.970286e+02   6.703909e+02
4.045707e+02   6.698252e+02
4.112343e+02   6.691808e+02
4.197105e+02   6.648888e+02
4.297675e+02   6.659099e+02
4.414381e+02   6.685582e+02
4.534454e+02   6.707006e+02
4.617320e+02   6.698655e+02
4.708426e+02   6.692008e+02
4.818071e+02   6.654110e+02
4.914420e+02   6.628715e+02
5.030663e+02   6.587541e+02
5.085652e+02   6.530367e+02
5.160765e+02   6.448999e+02
5.241050e+02   6.367574e+02
5.337944e+02   6.322828e+02
5.436696e+02   6.305327e+02
5.494384e+02   6.326531e+02
5.503307e+02   6.342881e+02
5.566418e+02   6.337992e+02
5.600588e+02   6.363210e+02
5.661306e+02   6.405953e+02
5.733970e+02   6.465483e+02
5.784821e+02   6.523091e+02
5.849786e+02   6.563544e+02
5.912268e+02   6.594183e+02
5.987424e+02   6.621232e+02
6.030941e+02   6.678897e+02
6.038776e+02   6.718597e+02
6.059928e+02   6.793681e+02
6.083400e+02   6.879087e+02
6.105058e+02   6.940975e+02
6.141048e+02   7.001068e+02
6.191972e+02   7.043895e+02
6.252614e+02   7.105079e+02
6.308958e+02   7.180591e+02
6.347692e+02   7.227502e+02
6.400445e+02   7.279970e+02
6.432809e+02   7.329757e+02
6.472860e+02   7.374230e+02
6.490890e+02   7.419070e+02
6.462221e+02   7.482434e+02
6.438191e+02   7.563474e+02
6.428513e+02   7.672884e+02
6.411157e+02   7.782552e+02
6.423476e+02   7.870675e+02
6.430872e+02   7.961900e+02
6.437493e+02   8.063437e+02
6.439050e+02   8.156550e+02
6.457114e+02   8.219640e+02
6.484922e+02   8.295323e+02
6.479175e+02   8.358566e+02
6.455508e+02   8.437852e+02
6.445246e+02   8.530039e+02
6.433043e+02   8.604188e+02
6.391916e+02   8.685452e+02
6.323497e+02   8.759726e+02
6.286039e+02   8.810686e+02
6.251095e+02   8.879814e+02
6.239336e+02   8.966506e+02
6.265038e+02   9.038979e+02
6.306894e+02   9.079903e+02
6.381583e+02   9.097276e+02
6.449742e+02   9.110715e+02
6.561533e+02   9.109248e+02
6.666098e+02   9.120649e+02
6.815513e+02   9.090221e+02
6.922839e+02   9.069388e+02
7.008302e+02   9.038213e+02
7.127030e+02   8.987924e+02
7.210328e+02   8.932477e+02
7.304351e+02   8.899203e+02
7.356141e+02   8.880985e+02
7.433589e+02   8.812510e+02
7.478676e+02   8.727466e+02
7.518702e+02   8.649138e+02
7.590334e+02   8.531180e+02
7.684404e+02   8.441057e+02
7.759398e+02   8.359283e+02
7.807252e+02   8.287079e+02
7.891325e+02   8.226993e+02
7.982010e+02   8.168083e+02
8.079114e+02   8.119917e+02
8.183764e+02   8.080088e+02
8.280705e+02   8.037116e+02
8.368398e+02   7.976112e+02
8.475851e+02   7.911819e+02
8.560927e+02   7.859988e+02
8.633813e+02   7.819134e+02
8.695510e+02   7.726128e+02
8.789715e+02   7.641288e+02
8.830297e+02   7.558617e+02
8.911484e+02   7.470748e+02
9.007131e+02   7.387372e+02
9.061042e+02   7.292425e+02
9.135613e+02   7.211591e+02
9.219957e+02   7.147866e+02
9.282056e+02   7.104973e+02
9.357782e+02   7.073854e+02
9.442166e+02   7.046585e+02
