8.856685e+02   5.749412e+02
8.780911e+02   5.526270e+02
8.580252e+02   5.246843e+02
8.385287e+02   5.018575e+02
8.185277e+02   4.774827e+02
7.907393e+02   4.622178e+02
7.620404e+02   4.557584e+02
7.314414e+02   4.612867e+02
7.033596e+02   4.684831e+02
6.722994e+02   4.734757e+02
6.422790e+02   4.814117e+02
6.239944e+02   5.059144e+02
6.269753e+02   5.347433e+02
6.403081e+02   5.594516e+02
6.599287e+02   5.792456e+02
6.803902e+02   5.949359e+02
6.990091e+02   6.076905e+02
7.223639e+02   6.105385e+02
7.468718e+02   6.149988e+02
7.753075e+02   6.122336e+02
8.018788e+02   6.087000e+02
8.248172e+02   6.062154e+02
8.528038e+02   6.088168e+02
8.821283e+02   6.039632e+02
9.104168e+02   6.052311e+02
9.365288e+02   5.972002e+02
9.585340e+02   5.844411e+02
9.785404e+02   5.703732e+02
9.966455e+02   5.547588e+02
9.986460e+02   5.279892e+02
9.977248e+02   5.047782e+02
9.970904e+02   4.788034e+02
9.920589e+02   4.532776e+02
9.851429e+02   4.286579e+02
9.771371e+02   4.082375e+02
9.637132e+02   3.837953e+02
9.461648e+02   3.576617e+02
9.284753e+02   3.344379e+02
9.104406e+02   3.071783e+02
8.992497e+02   2.816709e+02
8.930023e+02   2.573058e+02
8.933136e+02   2.302091e+02
8.932905e+02   2.051689e+02
9.016864e+02   1.783810e+02
9.169181e+02   1.541775e+02
9.301206e+02   1.300402e+02
9.440849e+02   1.135798e+02
9.660207e+02   9.820761e+01
9.886603e+02   9.106524e+01
1.011891e+03   8.446823e+01
1.037975e+03   8.670205e+01
1.061751e+03   8.724802e+01
1.084689e+03   8.568882e+01
1.110090e+03   9.020475e+01
1.132733e+03   9.358343e+01
1.152967e+03   1.006304e+02
1.174061e+03   1.064151e+02
1.192648e+03   1.124585e+02
1.211539e+03   1.214198e+02
1.233829e+03   1.312108e+02
1.253020e+03   1.392273e+02
1.273315e+03   1.521555e+02
1.283206e+03   1.725739e+02
1.298210e+03   1.830259e+02
1.312775e+03   1.965208e+02
1.326678e+03   2.097945e+02
1.332787e+03   2.226139e+02
1.335289e+03   2.379469e+02
1.332652e+03   2.512867e+02
1.318959e+03   2.664679e+02
1.308829e+03   2.776564e+02
1.300836e+03   2.897892e+02
1.289567e+03   3.001532e+02
1.278038e+03   3.072621e+02
1.266455e+03   3.207577e+02
1.254668e+03   3.341020e+02
1.242770e+03   3.375300e+02
1.225942e+03   3.349076e+02
1.210921e+03   3.287615e+02
1.191742e+03   3.224339e+02
1.176927e+03   3.111095e+02
1.167078e+03   2.950768e+02
1.157126e+03   2.787745e+02
1.147207e+03   2.632824e+02
1.139178e+03   2.435196e+02
1.136135e+03   2.248364e+02
1.129409e+03   2.012403e+02
1.124254e+03   1.775223e+02
1.120300e+03   1.580817e+02
1.116097e+03   1.349135e+02
1.115803e+03   1.122336e+02
1.108331e+03   9.241595e+01
1.095189e+03   7.328460e+01
1.088553e+03   5.407298e+01
1.086883e+03   3.247779e+01
