9.510129e+02   5.522080e+02
9.894479e+02   5.316537e+02
1.021431e+03   5.083814e+02
1.043947e+03   4.753641e+02
1.070999e+03   4.449570e+02
1.093364e+03   4.140227e+02
1.115073e+03   3.861347e+02
1.143213e+03   3.615898e+02
1.177744e+03   3.555872e+02
1.208593e+03   3.704785e+02
1.229785e+03   3.922141e+02
1.241917e+03   4.239174e+02
1.252844e+03   4.556041e+02
1.274905e+03   4.860909e+02
1.303195e+03   5.112805e+02
1.331563e+03   5.240362e+02
1.358784e+03   5.388060e+02
1.382345e+03   5.582197e+02
1.411209e+03   5.709912e+02
1.439627e+03   5.818352e+02
1.467944e+03   5.929632e+02
1.496357e+03   5.927974e+02
1.526414e+03   6.013040e+02
1.554096e+03   6.155154e+02
1.577638e+03   6.315612e+02
1.599397e+03   6.557343e+02
1.625798e+03   6.690404e+02
1.649084e+03   6.908750e+02
1.679500e+03   7.030953e+02
