9.460800e+02   5.996790e+02
9.491604e+02   6.091236e+02
9.473651e+02   6.327793e+02
9.404289e+02   6.596488e+02
9.304048e+02   6.900291e+02
9.161272e+02   7.208067e+02
8.915876e+02   7.443938e+02
8.678100e+02   7.727478e+02
8.424572e+02   7.948319e+02
8.156687e+02   8.152643e+02
7.935574e+02   8.392928e+02
7.670227e+02   8.575913e+02
7.428230e+02   8.772593e+02
7.160652e+02   8.979386e+02
6.891449e+02   9.138467e+02
6.598824e+02   9.276582e+02
6.298474e+02   9.436287e+02
5.999443e+02   9.454282e+02
5.719569e+02   9.611430e+02
5.511270e+02   9.845236e+02
5.305216e+02   1.004135e+03
5.112295e+02   1.029245e+03
4.937176e+02   1.061191e+03
4.799660e+02   1.094065e+03
4.787819e+02   1.128540e+03
4.684754e+02   1.158131e+03
4.671883e+02   1.190311e+03
4.786067e+02   1.224326e+03
4.835134e+02   1.255028e+03
