9.099092e+02   6.031064e+02
9.096703e+02   6.010920e+02
9.100548e+02   5.914731e+02
9.078239e+02   5.745904e+02
9.010060e+02   5.564297e+02
8.890132e+02   5.310917e+02
8.801061e+02   5.048210e+02
8.800668e+02   4.761426e+02
8.945101e+02   4.545734e+02
9.226712e+02   4.497341e+02
9.543841e+02   4.520009e+02
9.830744e+02   4.551860e+02
1.014119e+03   4.545332e+02
1.043846e+03   4.501969e+02
1.070673e+03   4.410692e+02
1.101502e+03   4.355541e+02
1.131959e+03   4.310365e+02
1.162185e+03   4.276738e+02
1.188837e+03   4.214060e+02
1.218093e+03   4.159005e+02
1.246125e+03   4.091440e+02
1.274203e+03   4.070292e+02
1.304062e+03   4.121310e+02
1.335095e+03   4.226849e+02
1.364409e+03   4.372670e+02
1.392466e+03   4.478583e+02
1.420563e+03   4.572328e+02
1.445765e+03   4.716102e+02
1.474056e+03   4.869586e+02
1.500846e+03   5.026975e+02
1.527991e+03   5.122626e+02
1.550327e+03   5.345153e+02
1.559330e+03   5.643733e+02
1.552835e+03   5.942542e+02
1.546211e+03   6.223232e+02
1.544536e+03   6.507238e+02
1.545015e+03   6.767846e+02
1.543660e+03   7.040915e+02
1.550939e+03   7.316035e+02
1.562186e+03   7.587397e+02
1.569541e+03   7.845816e+02
1.568631e+03   8.134193e+02
1.567550e+03   8.417569e+02
1.560425e+03   8.697896e+02
1.555472e+03   8.967474e+02
1.549101e+03   9.231009e+02
1.546685e+03   9.480024e+02
1.541266e+03   9.732287e+02
1.538575e+03   1.001332e+03
1.533979e+03   1.026931e+03
