8.936166e+02   5.855751e+02
8.896257e+02   6.040127e+02
8.962596e+02   6.197626e+02
9.119637e+02   6.269580e+02
9.286146e+02   6.290799e+02
9.453489e+02   6.276021e+02
9.628645e+02   6.185257e+02
9.777798e+02   6.098239e+02
9.929242e+02   5.979770e+02
1.009893e+03   5.866065e+02
1.028357e+03   5.763173e+02
1.047755e+03   5.688667e+02
1.071800e+03   5.672475e+02
1.097210e+03   5.610432e+02
1.122637e+03   5.533455e+02
1.143667e+03   5.469296e+02
1.169187e+03   5.379968e+02
1.190770e+03   5.270286e+02
1.219198e+03   5.251044e+02
1.243053e+03   5.195312e+02
1.268095e+03   5.158178e+02
1.286660e+03   5.056603e+02
1.307027e+03   4.976248e+02
1.323910e+03   4.817067e+02
1.341337e+03   4.655849e+02
1.352949e+03   4.479760e+02
1.364057e+03   4.314157e+02
1.380422e+03   4.185030e+02
1.395560e+03   4.016246e+02
1.408234e+03   3.803412e+02
1.415235e+03   3.577465e+02
1.416164e+03   3.342754e+02
1.407421e+03   3.134214e+02
1.394840e+03   2.935912e+02
1.381676e+03   2.799006e+02
1.363984e+03   2.631910e+02
1.348754e+03   2.489507e+02
1.326490e+03   2.411445e+02
1.304129e+03   2.400183e+02
1.279885e+03   2.378560e+02
1.253634e+03   2.414897e+02
1.229803e+03   2.486944e+02
1.210502e+03   2.569828e+02
1.190995e+03   2.696200e+02
1.174160e+03   2.871772e+02
1.162590e+03   3.040036e+02
1.149100e+03   3.218453e+02
1.133700e+03   3.369566e+02
1.125847e+03   3.561914e+02
1.115732e+03   3.665425e+02
1.1047e+03	0.3916e+03
1.092036e+03   4.127186e+02
1.082098e+03   4.254926e+02
1.076869e+03   4.444418e+02
1.072676e+03   4.615833e+02
1.074695e+03   4.796607e+02
1.077552e+03   4.956550e+02
1.076991e+03   5.135509e+02
