9.131009e+02   6.057689e+02
9.059548e+02   5.923373e+02
9.005981e+02   5.854189e+02
8.976966e+02   5.732785e+02
8.962929e+02   5.568616e+02
9.036269e+02   5.394898e+02
9.099115e+02   5.209971e+02
9.193040e+02   5.038610e+02
9.323443e+02   4.860535e+02
9.521419e+02   4.720812e+02
9.714451e+02   4.595740e+02
9.927926e+02   4.452713e+02
1.010406e+03   4.273761e+02
1.017988e+03   4.069457e+02
1.025070e+03   3.817533e+02
1.036821e+03   3.550079e+02
1.048783e+03   3.312255e+02
1.054553e+03   3.087259e+02
1.053201e+03   2.820490e+02
1.055747e+03   2.533062e+02
1.060788e+03   2.266703e+02
1.058491e+03   2.006325e+02
1.059508e+03   1.735674e+02
1.072849e+03   1.490485e+02
1.095500e+03   1.328559e+02
1.125026e+03   1.262115e+02
1.151024e+03   1.098656e+02
1.169768e+03   8.626765e+01
1.183166e+03   6.377722e+01
1.203353e+03   4.542298e+01
