9.432403e+02   5.799287e+02
9.431032e+02   5.792567e+02
9.426788e+02   5.810263e+02
9.430480e+02   5.783838e+02
9.438848e+02   5.789143e+02
9.437385e+02   5.757235e+02
9.442453e+02   5.763821e+02
9.457868e+02   5.770886e+02
9.477816e+02   5.766162e+02
9.506451e+02   5.757747e+02
9.546845e+02   5.762539e+02
9.595268e+02   5.684888e+02
9.671895e+02   5.604916e+02
9.710503e+02   5.499269e+02
9.728966e+02   5.391785e+02
9.691214e+02   5.291880e+02
9.675928e+02   5.181581e+02
9.679355e+02   5.120864e+02
9.665051e+02   4.983405e+02
9.657585e+02   4.837679e+02
9.631233e+02   4.734817e+02
9.618824e+02   4.608247e+02
9.620833e+02   4.478067e+02
9.633163e+02   4.367787e+02
9.657786e+02   4.272247e+02
9.652882e+02   4.243371e+02
9.635121e+02   4.170173e+02
9.554241e+02   4.050694e+02
9.469978e+02   3.966104e+02
9.369832e+02   3.903962e+02
9.230331e+02   3.799291e+02
9.187780e+02   3.726702e+02
9.111942e+02   3.593290e+02
9.096797e+02   3.482116e+02
9.096409e+02   3.397784e+02
9.036550e+02   3.288997e+02
9.006740e+02   3.157885e+02
8.988279e+02   3.067106e+02
8.968578e+02   2.944447e+02
8.933862e+02   2.835056e+02
8.895498e+02   2.718925e+02
8.888027e+02   2.614404e+02
8.905947e+02   2.498040e+02
8.949910e+02   2.396622e+02
9.003876e+02   2.320177e+02
9.005708e+02   2.235619e+02
8.929429e+02   2.129247e+02
8.851206e+02   2.040066e+02
8.781069e+02   1.944488e+02
8.713729e+02   1.829834e+02
8.663593e+02   1.743751e+02
8.614184e+02   1.633549e+02
8.627700e+02   1.548045e+02
8.695626e+02   1.490484e+02
8.747125e+02   1.481995e+02
8.839156e+02   1.407867e+02
8.910852e+02   1.354591e+02
8.989989e+02   1.309572e+02
9.063773e+02   1.268705e+02
9.157101e+02   1.214289e+02
9.243768e+02   1.174578e+02
9.353163e+02   1.149717e+02
9.452457e+02   1.154581e+02
9.518283e+02   1.170914e+02
9.633234e+02   1.163565e+02
9.720801e+02   1.120389e+02
9.804767e+02   1.104625e+02
9.899324e+02   1.086163e+02
9.963284e+02   1.093694e+02
1.005109e+03   1.092124e+02
1.017740e+03   1.095055e+02
1.027169e+03   1.066591e+02
1.036155e+03   1.021800e+02
1.045685e+03   1.009897e+02
1.054549e+03   9.937814e+01
1.065244e+03   9.823243e+01
1.072853e+03   9.649726e+01
1.085796e+03   9.551276e+01
1.100988e+03   9.508252e+01
1.112751e+03   9.260154e+01
1.122560e+03   9.199778e+01
1.131885e+03   9.200221e+01
1.139735e+03   9.030893e+01
1.148340e+03   9.243784e+01
1.160706e+03   8.840282e+01
1.170917e+03   8.484477e+01
1.179738e+03   8.110863e+01
1.189591e+03   7.720217e+01
1.197186e+03   7.218617e+01
1.208047e+03   6.896628e+01
1.216676e+03   6.740261e+01
1.223349e+03   6.549376e+01
1.234029e+03   7.166521e+01
1.244317e+03   7.793184e+01
1.254300e+03   8.160354e+01
1.265200e+03   8.481398e+01
1.272644e+03   8.707336e+01
1.281624e+03   8.873369e+01
1.288843e+03   9.046057e+01
1.296664e+03   9.228601e+01
1.308129e+03   9.314130e+01
1.316905e+03   9.442724e+01
1.323481e+03   9.454719e+01
1.332040e+03   9.252497e+01
1.343197e+03   8.924713e+01
1.351168e+03   8.557673e+01
1.359697e+03   7.944139e+01
1.364410e+03   7.243724e+01
