9.342404e+02   5.819594e+02
9.330225e+02   5.682041e+02
9.309217e+02   5.583177e+02
9.269474e+02   5.439257e+02
9.191901e+02   5.377008e+02
9.171059e+02   5.332567e+02
9.145735e+02   5.271050e+02
9.113313e+02   5.199148e+02
9.077097e+02   5.121657e+02
9.043993e+02   5.051455e+02
9.021197e+02   4.992449e+02
8.996390e+02   4.890194e+02
8.972051e+02   4.797503e+02
8.935965e+02   4.715072e+02
8.885588e+02   4.639745e+02
8.831346e+02   4.547896e+02
8.795496e+02   4.443880e+02
8.754933e+02   4.315435e+02
8.766147e+02   4.196011e+02
8.785610e+02   4.086974e+02
8.770332e+02   3.945066e+02
8.789806e+02   3.779509e+02
8.813220e+02   3.669904e+02
8.862845e+02   3.507651e+02
8.916993e+02   3.391850e+02
8.992248e+02   3.269049e+02
9.063580e+02   3.135420e+02
9.136588e+02   2.993895e+02
9.224281e+02   2.888774e+02
9.343337e+02   2.765737e+02
9.421147e+02   2.665935e+02
9.500505e+02   2.557138e+02
9.598904e+02   2.457119e+02
9.697785e+02   2.346268e+02
9.771967e+02   2.254322e+02
9.858843e+02   2.161288e+02
9.944536e+02   2.077896e+02
1.005615e+03   1.978604e+02
1.017150e+03   1.899385e+02
1.026190e+03   1.803304e+02
1.037216e+03   1.719693e+02
1.049114e+03   1.642989e+02
1.063217e+03   1.564779e+02
1.075506e+03   1.494156e+02
1.086437e+03   1.451286e+02
1.101111e+03   1.440763e+02
1.115361e+03   1.401273e+02
1.128737e+03   1.338838e+02
1.143452e+03   1.294632e+02
1.157570e+03   1.243422e+02
1.171661e+03   1.177275e+02
1.185887e+03   1.115241e+02
1.198313e+03   1.068695e+02
1.211406e+03   1.019249e+02
1.225852e+03   9.656263e+01
1.242229e+03   9.347187e+01
1.257627e+03   9.287150e+01
1.271490e+03   9.014639e+01
1.285004e+03   9.103253e+01
1.299676e+03   9.370600e+01
1.313166e+03   9.194070e+01
1.327598e+03   8.749205e+01
1.343485e+03   8.792835e+01
1.357397e+03   8.887045e+01
1.371942e+03   8.805700e+01
1.386348e+03   8.735266e+01
1.399245e+03   9.145317e+01
1.409116e+03   9.884471e+01
1.418566e+03   1.064154e+02
1.430673e+03   1.146403e+02
1.442216e+03   1.258168e+02
1.452522e+03   1.354232e+02
1.466677e+03   1.420296e+02
1.477455e+03   1.508611e+02
1.489114e+03   1.594048e+02
