9.319331e+02   5.956932e+02
9.464685e+02   5.896418e+02
9.629745e+02   5.855616e+02
9.841012e+02   5.843568e+02
1.011783e+03   5.839011e+02
1.037236e+03   5.849355e+02
1.061407e+03   5.865395e+02
1.067361e+03   6.151092e+02
1.071513e+03   6.444506e+02
1.070348e+03   6.715368e+02
1.062940e+03   6.960805e+02
1.053624e+03   7.215995e+02
1.046341e+03   7.452198e+02
1.035732e+03   7.698151e+02
1.017669e+03   7.892306e+02
9.887097e+02   8.022230e+02
9.636685e+02   8.185070e+02
9.407806e+02   8.356208e+02
9.168638e+02   8.487098e+02
8.945365e+02   8.693001e+02
8.779193e+02   8.930542e+02
8.568779e+02   8.991772e+02
8.332119e+02   9.033788e+02
8.117312e+02   9.035225e+02
7.872181e+02   8.991468e+02
7.626124e+02   8.950929e+02
7.400839e+02   8.863995e+02
7.195956e+02   8.753797e+02
6.936893e+02   8.727200e+02
6.684460e+02   8.779344e+02
6.422693e+02   8.822105e+02
6.149588e+02   8.858235e+02
5.892253e+02   8.810835e+02
5.634635e+02   8.666083e+02
5.368643e+02   8.573619e+02
5.094958e+02   8.527164e+02
4.807579e+02   8.568504e+02
4.577006e+02   8.692923e+02
4.357905e+02   8.765081e+02
4.143193e+02   8.807537e+02
3.916596e+02   8.848271e+02
3.678426e+02   8.813344e+02
3.430159e+02   8.758757e+02
3.218008e+02   8.673166e+02
2.996112e+02   8.663399e+02
2.761740e+02   8.612492e+02
2.502030e+02   8.573290e+02
2.268289e+02   8.607957e+02
2.031198e+02   8.637342e+02
