9.021060e+02   5.848129e+02
8.661474e+02   5.758706e+02
8.301534e+02   5.657132e+02
7.883418e+02   5.641600e+02
7.432217e+02   5.520521e+02
6.989229e+02   5.552571e+02
6.568879e+02   5.586770e+02
6.107502e+02   5.627897e+02
5.698279e+02   5.785821e+02
5.336374e+02   6.042525e+02
5.007485e+02   6.361236e+02
4.664857e+02   6.642739e+02
4.303906e+02   6.836429e+02
3.889057e+02   6.925336e+02
3.536601e+02   7.107417e+02
3.196511e+02   7.328813e+02
2.848476e+02   7.569494e+02
2.540771e+02   7.819855e+02
2.375021e+02   8.175135e+02
2.425412e+02   8.586918e+02
2.319959e+02   8.938872e+02
2.270394e+02   9.312247e+02
2.177434e+02   9.682553e+02
