9.099670e+02   5.456056e+02
9.112183e+02   5.308503e+02
9.125855e+02   5.149251e+02
9.163524e+02   4.932952e+02
9.224814e+02   4.680712e+02
9.270449e+02   4.394228e+02
9.298320e+02   4.131237e+02
9.292369e+02   3.823609e+02
9.270464e+02   3.516183e+02
9.215295e+02   3.189455e+02
9.166063e+02   2.882785e+02
8.995372e+02   2.587271e+02
8.820141e+02   2.284295e+02
8.703979e+02   1.990063e+02
8.538870e+02   1.706386e+02
8.485970e+02   1.388608e+02
8.446418e+02   1.084980e+02
8.386882e+02   7.700706e+01
8.341678e+02   5.055643e+01
8.242317e+02   2.152093e+01
