9.128509e+02   5.970466e+02
9.163382e+02   5.998545e+02
9.246722e+02   6.095225e+02
9.340833e+02   6.300056e+02
9.387080e+02   6.549421e+02
9.455627e+02   6.809483e+02
9.559991e+02   7.084058e+02
9.796285e+02   7.275380e+02
1.005642e+03   7.484009e+02
1.026767e+03   7.684108e+02
1.045898e+03   7.944040e+02
1.063261e+03   8.160890e+02
1.081860e+03   8.414194e+02
1.100661e+03   8.661104e+02
1.127573e+03   8.854790e+02
1.156267e+03   9.007947e+02
1.182937e+03   9.154747e+02
1.209069e+03   9.340945e+02
1.229630e+03   9.543270e+02
1.250512e+03   9.831112e+02
1.262943e+03   1.012603e+03
1.268912e+03   1.043873e+03
1.271558e+03   1.072652e+03
1.282954e+03   1.102492e+03
1.301349e+03   1.125899e+03
1.316338e+03   1.151018e+03
1.326237e+03   1.181731e+03
1.334478e+03   1.208262e+03
1.333435e+03   1.235970e+03
1.324002e+03   1.262376e+03
