9.298901e+02   5.801581e+02
9.068524e+02   5.650064e+02
8.809294e+02   5.456637e+02
8.473795e+02   5.350440e+02
8.171379e+02   5.249737e+02
7.858460e+02   5.155515e+02
7.559439e+02   5.072189e+02
7.236545e+02   5.013165e+02
7.088620e+02   4.777629e+02
7.241698e+02   4.505711e+02
7.427500e+02   4.237140e+02
7.607662e+02   4.000091e+02
7.770582e+02   3.693987e+02
7.959873e+02   3.465375e+02
8.191795e+02   3.271432e+02
8.496667e+02   3.135221e+02
8.779446e+02   3.020826e+02
8.989945e+02   2.773497e+02
9.243843e+02   2.589356e+02
9.549444e+02   2.549771e+02
9.859471e+02   2.526329e+02
1.018504e+03   2.442580e+02
1.049787e+03   2.361821e+02
1.084774e+03   2.346583e+02
1.114173e+03   2.245328e+02
1.141752e+03   2.143745e+02
1.169388e+03   2.024239e+02
1.199277e+03   1.920810e+02
1.226707e+03   1.784835e+02
1.256389e+03   1.639230e+02
1.281580e+03   1.455786e+02
1.306496e+03   1.282693e+02
1.333693e+03   1.102600e+02
1.357605e+03   9.418738e+01
1.380672e+03   7.594621e+01
1.396944e+03   5.515264e+01
1.410779e+03   2.989239e+01
