9.266873e+02   5.985083e+02
9.152316e+02   6.217051e+02
8.987665e+02   6.424625e+02
8.763782e+02   6.673664e+02
8.525821e+02   6.932929e+02
8.190284e+02   7.124831e+02
7.783090e+02   7.235038e+02
7.347350e+02   7.277046e+02
6.906563e+02   7.294765e+02
6.458077e+02   7.333090e+02
6.032850e+02   7.399838e+02
5.575394e+02   7.410705e+02
5.123565e+02   7.339951e+02
4.689841e+02   7.298876e+02
4.265020e+02   7.266745e+02
3.867700e+02   7.322843e+02
3.457736e+02   7.355926e+02
3.071003e+02   7.322090e+02
2.684081e+02   7.249281e+02
2.321135e+02   7.084959e+02
1.927361e+02   6.901674e+02
