8.887108e+02   5.796719e+02
8.721801e+02   5.581097e+02
8.536168e+02   5.293025e+02
8.332444e+02   5.077688e+02
8.124509e+02   4.818126e+02
7.973852e+02   4.477459e+02
7.740332e+02   4.189849e+02
7.520566e+02   3.884293e+02
7.514650e+02   3.526150e+02
7.557635e+02   3.181816e+02
7.609862e+02   2.802606e+02
7.620912e+02   2.447740e+02
7.574946e+02   2.070801e+02
7.477213e+02   1.687778e+02
7.342009e+02   1.343744e+02
7.250108e+02   9.991591e+01
7.054071e+02   6.701189e+01
6.787223e+02   3.922232e+01
