9.037191e+02   5.901393e+02
8.885977e+02   5.997701e+02
8.669601e+02   6.119580e+02
8.468249e+02   6.211782e+02
8.206603e+02   6.311171e+02
7.936316e+02   6.399979e+02
7.700539e+02   6.526881e+02
7.479939e+02   6.708536e+02
7.194709e+02   6.826997e+02
6.899317e+02   6.793986e+02
6.633020e+02   6.673506e+02
6.394680e+02   6.486246e+02
6.187533e+02   6.343761e+02
5.983874e+02   6.154057e+02
5.841732e+02   5.888127e+02
5.812482e+02   5.592090e+02
5.773756e+02   5.269840e+02
5.688610e+02   4.963897e+02
5.603482e+02   4.702166e+02
5.483782e+02   4.431559e+02
5.479932e+02   4.152663e+02
5.639990e+02   3.933278e+02
5.795068e+02   3.760677e+02
6.040618e+02   3.654108e+02
6.326221e+02   3.638000e+02
6.587056e+02   3.703333e+02
6.833140e+02   3.836041e+02
7.059736e+02   3.924543e+02
7.293347e+02   4.039308e+02
7.545240e+02   4.074886e+02
7.808051e+02   3.961804e+02
7.968984e+02   3.697388e+02
8.050194e+02   3.439666e+02
8.061286e+02   3.176111e+02
8.038989e+02   2.891163e+02
8.129968e+02   2.602575e+02
8.277408e+02   2.383730e+02
8.426338e+02   2.166639e+02
8.564009e+02   1.956834e+02
8.561856e+02   1.687070e+02
8.564131e+02   1.437869e+02
8.765810e+02   1.325408e+02
9.010042e+02   1.303815e+02
9.249843e+02   1.318709e+02
9.498584e+02   1.247801e+02
9.716962e+02   1.141013e+02
9.954340e+02   1.191556e+02
1.013773e+03   1.292240e+02
1.026143e+03   1.498174e+02
1.033432e+03   1.728574e+02
1.031892e+03   1.964158e+02
1.023270e+03   2.192317e+02
1.014212e+03   2.444571e+02
1.008947e+03   2.652677e+02
1.005194e+03   2.899720e+02
1.013345e+03   3.136147e+02
1.024124e+03   3.363947e+02
1.038891e+03   3.550528e+02
1.057547e+03   3.670359e+02
1.081113e+03   3.716685e+02
1.106947e+03   3.713989e+02
1.129536e+03   3.632203e+02
1.149848e+03   3.505978e+02
1.169225e+03   3.353634e+02
1.187299e+03   3.162836e+02
1.205908e+03   2.928055e+02
1.224008e+03   2.752484e+02
1.244964e+03   2.640917e+02
1.268922e+03   2.518891e+02
1.290033e+03   2.292566e+02
1.311557e+03   2.098420e+02
1.334218e+03   1.905000e+02
1.355473e+03   1.700359e+02
1.374682e+03   1.461200e+02
1.393143e+03   1.242337e+02
1.405304e+03   9.479182e+01
