9.045462e+02   5.942567e+02
9.039792e+02   6.092950e+02
9.134952e+02   6.180695e+02
9.250842e+02   6.375965e+02
9.422855e+02   6.528983e+02
9.627933e+02   6.547735e+02
9.875883e+02   6.548928e+02
1.013692e+03   6.564230e+02
1.036877e+03   6.638890e+02
1.059888e+03   6.761014e+02
1.084459e+03   6.866683e+02
1.106916e+03   6.999716e+02
1.128426e+03   7.111201e+02
1.153237e+03   7.117847e+02
1.176101e+03   6.990401e+02
1.200164e+03   6.964203e+02
1.224206e+03   7.076996e+02
1.249035e+03   7.202265e+02
1.265826e+03   7.044173e+02
1.270593e+03   6.749403e+02
1.270382e+03   6.507397e+02
1.260069e+03   6.259785e+02
1.248837e+03   6.000144e+02
1.240430e+03   5.751466e+02
1.226973e+03   5.488437e+02
1.205359e+03   5.281336e+02
1.175303e+03   5.175762e+02
1.152309e+03   5.071687e+02
1.131327e+03   4.949635e+02
1.117629e+03   4.759889e+02
1.102392e+03   4.543921e+02
1.088781e+03   4.310475e+02
1.082793e+03   4.110580e+02
1.070284e+03   3.869592e+02
1.044369e+03   3.715091e+02
1.017385e+03   3.647026e+02
9.922907e+02   3.653824e+02
9.679871e+02   3.608037e+02
9.453455e+02   3.531648e+02
9.197661e+02   3.513210e+02
8.958697e+02   3.498227e+02
8.707825e+02   3.450142e+02
8.456742e+02   3.447339e+02
8.222126e+02   3.530906e+02
8.000299e+02   3.622775e+02
7.791319e+02   3.679977e+02
7.602372e+02   3.518927e+02
7.483891e+02   3.279319e+02
7.404817e+02   3.053567e+02
7.342843e+02   2.833652e+02
7.305187e+02   2.557135e+02
7.317387e+02   2.285529e+02
7.279707e+02   2.017518e+02
7.224211e+02   1.758689e+02
7.094310e+02   1.519066e+02
6.962791e+02   1.317925e+02
6.806549e+02   1.151833e+02
6.606522e+02   1.011127e+02
6.447903e+02   8.500216e+01
6.231538e+02   7.037964e+01
6.103777e+02   4.863163e+01
