9.401456e+02   5.998037e+02
9.665300e+02   5.999517e+02
9.865432e+02   5.866628e+02
9.981606e+02   5.686968e+02
9.682127e+02   5.580175e+02
9.412191e+02   5.425407e+02
9.068416e+02   5.291168e+02
8.742215e+02   5.404775e+02
8.512656e+02   5.519132e+02
8.422407e+02   5.720802e+02
8.371568e+02   5.941081e+02
8.313601e+02   6.188821e+02
8.228273e+02   6.397049e+02
8.319925e+02   6.637850e+02
8.401586e+02   6.817940e+02
8.589368e+02   6.878811e+02
8.816681e+02   6.891779e+02
9.046399e+02   6.915429e+02
9.251652e+02   6.895832e+02
9.473053e+02   6.948069e+02
9.678353e+02   6.895271e+02
9.803560e+02   6.759066e+02
9.897951e+02   6.562416e+02
1.003794e+03   6.352982e+02
1.020334e+03   6.171226e+02
1.034816e+03   6.043071e+02
1.048312e+03   5.926197e+02
1.062638e+03   5.792123e+02
1.077681e+03   5.642586e+02
1.088317e+03   5.453647e+02
1.099070e+03   5.292925e+02
1.111588e+03   5.181526e+02
1.123587e+03   5.091589e+02
1.134665e+03   4.973524e+02
1.146294e+03   4.840945e+02
1.157100e+03   4.628392e+02
1.159162e+03   4.415695e+02
1.157659e+03   4.213703e+02
1.155831e+03   4.025638e+02
1.160123e+03   3.868157e+02
1.155614e+03   3.684789e+02
1.149936e+03   3.521965e+02
1.140601e+03   3.349059e+02
1.133252e+03   3.106950e+02
1.118880e+03   2.889809e+02
1.100339e+03   2.744059e+02
1.082184e+03   2.574555e+02
1.067364e+03   2.418769e+02
1.048803e+03   2.258076e+02
1.034468e+03   2.081460e+02
1.021759e+03   1.867951e+02
1.006033e+03   1.684713e+02
9.872477e+02   1.564766e+02
9.652056e+02   1.449697e+02
9.452000e+02   1.352247e+02
9.246241e+02   1.255591e+02
9.039389e+02   1.165690e+02
8.838563e+02   1.080121e+02
8.655838e+02   1.023981e+02
8.472870e+02   9.298251e+01
8.286677e+02   8.272579e+01
8.097454e+02   7.892878e+01
7.897963e+02   7.718799e+01
7.675216e+02   7.345776e+01
7.459510e+02   7.746078e+01
7.261106e+02   7.969541e+01
7.073075e+02   7.865184e+01
6.898224e+02   7.412561e+01
6.735713e+02   7.062758e+01
6.572678e+02   7.131117e+01
6.389122e+02   7.095892e+01
6.220009e+02   7.020432e+01
6.034776e+02   7.515771e+01
5.853309e+02   8.088387e+01
5.666645e+02   9.054421e+01
5.462505e+02   9.211712e+01
5.264218e+02   9.587083e+01
5.058098e+02   1.076875e+02
4.885602e+02   1.195745e+02
4.675905e+02   1.304387e+02
4.464506e+02   1.409073e+02
4.256447e+02   1.484906e+02
4.009411e+02   1.522684e+02
3.773554e+02   1.582633e+02
3.548998e+02   1.642818e+02
3.315811e+02   1.657806e+02
3.099149e+02   1.653045e+02
