9.118290e+02   5.931223e+02
9.159321e+02   6.021918e+02
9.239764e+02   6.071919e+02
9.405777e+02   6.063021e+02
9.620474e+02   5.966200e+02
9.875309e+02   5.841474e+02
1.016857e+03   5.722430e+02
1.045007e+03   5.607427e+02
1.063714e+03   5.802603e+02
1.068343e+03   6.165768e+02
1.068947e+03   6.533905e+02
1.070836e+03   6.888054e+02
1.080709e+03   7.223965e+02
1085   7.580580e+02
1.093580e+03   7.950813e+02
1.096855e+03   8.335897e+02
1.101097e+03   8.725107e+02
1.085508e+03   9.015167e+02
1.052522e+03   8.997352e+02
1.022702e+03   8.919491e+02
9.875074e+02   8.814617e+02
9.493347e+02   8.785932e+02
9.114284e+02   8.803992e+02
8.784806e+02   8.858366e+02
8.429594e+02   8.861594e+02
8.151228e+02   8.728876e+02
7.875537e+02   8.501873e+02
7.583330e+02   8.273005e+02
7.317835e+02   8.028368e+02
7.040683e+02   7.771056e+02
6.727293e+02   7.543030e+02
6.404844e+02   7.354969e+02
6.053832e+02   7.227391e+02
5.724591e+02   7.324474e+02
5.428208e+02   7.520549e+02
5.079303e+02   7.558825e+02
4.737420e+02   7.656336e+02
4.409349e+02   7.701013e+02
4.084164e+02   7.766080e+02
3.742799e+02   7.879298e+02
3.461319e+02   7.967583e+02
3.150663e+02   8.077913e+02
2.800047e+02   8.260687e+02
2.531471e+02   8.467836e+02
2.354555e+02   8.775631e+02
2.178754e+02   9.081031e+02
